
 start pl/0
 p   b   t     f   l   a                 0   1   2   3   4   5   6   7   8   9  10  11  12  13  14
 === === ===   === === ===             === === === === === === === === === === === === === === ===
   0   0  -1   INT   0   9      s[] :    0   0   0   0   0   0   0   0   0
   1   0   8   LIT   0   1      s[] :    0   0   0   0   0   0   0   0   0   1
   2   0   9   STO   0   3      s[] :    0   0   0   1   0   0   0   0   0
   3   0   8   LIT   0   2      s[] :    0   0   0   1   0   0   0   0   0   2
   4   0   9   STO   0   4      s[] :    0   0   0   1   2   0   0   0   0
   5   0   8   LIT   0   3      s[] :    0   0   0   1   2   0   0   0   0   3
   6   0   9   STO   0   5      s[] :    0   0   0   1   2   3   0   0   0
   7   0   8   LIT   0   4      s[] :    0   0   0   1   2   3   0   0   0   4
   8   0   9   STO   0   6      s[] :    0   0   0   1   2   3   4   0   0
   9   0   8   LOD   0   6      s[] :    0   0   0   1   2   3   4   0   0   4
  10   0   9   STO   0  12      s[] :    0   0   0   1   2   3   4   0   0
  11   0   8   LOD   0   6      s[] :    0   0   0   1   2   3   4   0   0   4
  12   0   9   STO   0  13      s[] :    0   0   0   1   2   3   4   0   0
  13   0   8   CAL   0 100      s[] :    0   0   0   1   2   3   4   0   0
 100   9   8   INT   0   6      s[] :    0   0   0   1   2   3   4   0   0   0   0  14   4   4   0
 101   9  14   LOD   0   3      s[] :    0   0   0   1   2   3   4   0   0   0   0  14   4   4   0   4
 102   9  15   LOD   0   4      s[] :    0   0   0   1   2   3   4   0   0   0   0  14   4   4   0   4   4
 103   9  16   OPR   0   4      s[] :    0   0   0   1   2   3   4   0   0   0   0  14   4   4   0  16
 104   9  15   STO   1   7      s[] :    0   0   0   1   2   3   4  16   0   0   0  14   4   4   0
 105   9  14   OPR   0   0      s[] :    0   0   0   1   2   3   4  16   0
  14   0   8   LOD   0   7      s[] :    0   0   0   1   2   3   4  16   0  16
  15   0   9   STO   0  12      s[] :    0   0   0   1   2   3   4  16   0
  16   0   8   LOD   0   3      s[] :    0   0   0   1   2   3   4  16   0   1
  17   0   9   STO   0  13      s[] :    0   0   0   1   2   3   4  16   0
  18   0   8   CAL   0 100      s[] :    0   0   0   1   2   3   4  16   0
 100   9   8   INT   0   6      s[] :    0   0   0   1   2   3   4  16   0   0   0  19  16   1   0
 101   9  14   LOD   0   3      s[] :    0   0   0   1   2   3   4  16   0   0   0  19  16   1   0  16
 102   9  15   LOD   0   4      s[] :    0   0   0   1   2   3   4  16   0   0   0  19  16   1   0  16   1
 103   9  16   OPR   0   4      s[] :    0   0   0   1   2   3   4  16   0   0   0  19  16   1   0  16
 104   9  15   STO   1   7      s[] :    0   0   0   1   2   3   4  16   0   0   0  19  16   1   0
 105   9  14   OPR   0   0      s[] :    0   0   0   1   2   3   4  16   0
  19   0   8   LOD   0   7      s[] :    0   0   0   1   2   3   4  16   0  16
  20   0   9   STO   0   8      s[] :    0   0   0   1   2   3   4  16  16
  21   0   8   LOD   0   6      s[] :    0   0   0   1   2   3   4  16  16   4
  22   0   9   STO   0  12      s[] :    0   0   0   1   2   3   4  16  16
  23   0   8   LOD   0   4      s[] :    0   0   0   1   2   3   4  16  16   2
  24   0   9   STO   0  13      s[] :    0   0   0   1   2   3   4  16  16
  25   0   8   CAL   0 100      s[] :    0   0   0   1   2   3   4  16  16
 100   9   8   INT   0   6      s[] :    0   0   0   1   2   3   4  16  16   0   0  26   4   2   0
 101   9  14   LOD   0   3      s[] :    0   0   0   1   2   3   4  16  16   0   0  26   4   2   0   4
 102   9  15   LOD   0   4      s[] :    0   0   0   1   2   3   4  16  16   0   0  26   4   2   0   4   2
 103   9  16   OPR   0   4      s[] :    0   0   0   1   2   3   4  16  16   0   0  26   4   2   0   8
 104   9  15   STO   1   7      s[] :    0   0   0   1   2   3   4   8  16   0   0  26   4   2   0
 105   9  14   OPR   0   0      s[] :    0   0   0   1   2   3   4   8  16
  26   0   8   LOD   0   8      s[] :    0   0   0   1   2   3   4   8  16  16
  27   0   9   STO   0  12      s[] :    0   0   0   1   2   3   4   8  16
  28   0   8   LOD   0   7      s[] :    0   0   0   1   2   3   4   8  16   8
  29   0   9   STO   0  13      s[] :    0   0   0   1   2   3   4   8  16
  30   0   8   CAL   0 200      s[] :    0   0   0   1   2   3   4   8  16
 200   9   8   INT   0   6      s[] :    0   0   0   1   2   3   4   8  16   0   0  31  16   8   0
 201   9  14   LOD   0   3      s[] :    0   0   0   1   2   3   4   8  16   0   0  31  16   8   0  16
 202   9  15   LOD   0   4      s[] :    0   0   0   1   2   3   4   8  16   0   0  31  16   8   0  16   8
 203   9  16   OPR   0   2      s[] :    0   0   0   1   2   3   4   8  16   0   0  31  16   8   0  24
 204   9  15   STO   1   8      s[] :    0   0   0   1   2   3   4   8  24   0   0  31  16   8   0
 205   9  14   OPR   0   0      s[] :    0   0   0   1   2   3   4   8  24
  31   0   8   LOD   0   8      s[] :    0   0   0   1   2   3   4   8  24  24
  32   0   9   STO   0  12      s[] :    0   0   0   1   2   3   4   8  24
  33   0   8   LOD   0   5      s[] :    0   0   0   1   2   3   4   8  24   3
  34   0   9   STO   0  13      s[] :    0   0   0   1   2   3   4   8  24
  35   0   8   CAL   0 200      s[] :    0   0   0   1   2   3   4   8  24
 200   9   8   INT   0   6      s[] :    0   0   0   1   2   3   4   8  24   0   0  36  24   3   0
 201   9  14   LOD   0   3      s[] :    0   0   0   1   2   3   4   8  24   0   0  36  24   3   0  24
 202   9  15   LOD   0   4      s[] :    0   0   0   1   2   3   4   8  24   0   0  36  24   3   0  24   3
 203   9  16   OPR   0   2      s[] :    0   0   0   1   2   3   4   8  24   0   0  36  24   3   0  27
 204   9  15   STO   1   8      s[] :    0   0   0   1   2   3   4   8  27   0   0  36  24   3   0
 205   9  14   OPR   0   0      s[] :    0   0   0   1   2   3   4   8  27
  36   0   8   OPR   0   0      s[] : 
 === === ===   === === ===             === === === === === === === === === === === === === === ===
 p   b   t     f   l   a                 0   1   2   3   4   5   6   7   8   9  10  11  12  13  14
