
 start pl/0
 t   b   p     f   l   a                 0   1   2   3   4   5   6   7   8   9  10  11  12  13  14
 === === ===   === === ===             === === === === === === === === === === === === === === ===
  -1   0   0   INT   0   4      s[] :    0   0   0   0
   3   0   1   CAL   0   5      s[] :    0   0   0   0
   3   4   5   INT   0   8      s[] :    0   0   0   0   0   0   2   0   0   0   0   0
  11   4   6   LIT   0   0      s[] :    0   0   0   0   0   0   2   0   0   0   0   0   0
  12   4   7   STO   0   3      s[] :    0   0   0   0   0   0   2   0   0   0   0   0
  11   4   8   LIT   0   1      s[] :    0   0   0   0   0   0   2   0   0   0   0   0   1
  12   4   9   STO   0   4      s[] :    0   0   0   0   0   0   2   0   1   0   0   0
  11   4  10   LIT   0   1      s[] :    0   0   0   0   0   0   2   0   1   0   0   0   1
  12   4  11   STO   0   5      s[] :    0   0   0   0   0   0   2   0   1   1   0   0
  11   4  12   LIT   0   0      s[] :    0   0   0   0   0   0   2   0   1   1   0   0   0
  12   4  13   STO   0   6      s[] :    0   0   0   0   0   0   2   0   1   1   0   0
  11   4  14   LIT   0   5      s[] :    0   0   0   0   0   0   2   0   1   1   0   0   5
  12   4  15   STO   0   7      s[] :    0   0   0   0   0   0   2   0   1   1   0   5
  11   4  16   LOD   0   3      s[] :    0   0   0   0   0   0   2   0   1   1   0   5   0
  12   4  17   LOD   0   4      s[] :    0   0   0   0   0   0   2   0   1   1   0   5   0   1
  13   4  18   OPR   0   2      s[] :    0   0   0   0   0   0   2   0   1   1   0   5   1
  12   4  19   STO   0   6      s[] :    0   0   0   0   0   0   2   0   1   1   1   5
  11   4  20   LOD   0   4      s[] :    0   0   0   0   0   0   2   0   1   1   1   5   1
  12   4  21   STO   0   3      s[] :    0   0   0   0   0   0   2   1   1   1   1   5
  11   4  22   LOD   0   6      s[] :    0   0   0   0   0   0   2   1   1   1   1   5   1
  12   4  23   STO   0   4      s[] :    0   0   0   0   0   0   2   1   1   1   1   5
  11   4  24   LOD   0   5      s[] :    0   0   0   0   0   0   2   1   1   1   1   5   1
  12   4  25   LOD   0   7      s[] :    0   0   0   0   0   0   2   1   1   1   1   5   1   5
  13   4  26   OPR   0  11      s[] :    0   0   0   0   0   0   2   1   1   1   1   5   0
  12   4  27   JPC   0  33      s[] :    0   0   0   0   0   0   2   1   1   1   1   5
  11   4  28   LOD   0   5      s[] :    0   0   0   0   0   0   2   1   1   1   1   5   1
  12   4  29   LIT   0   1      s[] :    0   0   0   0   0   0   2   1   1   1   1   5   1   1
  13   4  30   OPR   0   2      s[] :    0   0   0   0   0   0   2   1   1   1   1   5   2
  12   4  31   STO   0   5      s[] :    0   0   0   0   0   0   2   1   1   2   1   5
  11   4  32   JMP   0  16      s[] :    0   0   0   0   0   0   2   1   1   2   1   5
  11   4  16   LOD   0   3      s[] :    0   0   0   0   0   0   2   1   1   2   1   5   1
  12   4  17   LOD   0   4      s[] :    0   0   0   0   0   0   2   1   1   2   1   5   1   1
  13   4  18   OPR   0   2      s[] :    0   0   0   0   0   0   2   1   1   2   1   5   2
  12   4  19   STO   0   6      s[] :    0   0   0   0   0   0   2   1   1   2   2   5
  11   4  20   LOD   0   4      s[] :    0   0   0   0   0   0   2   1   1   2   2   5   1
  12   4  21   STO   0   3      s[] :    0   0   0   0   0   0   2   1   1   2   2   5
  11   4  22   LOD   0   6      s[] :    0   0   0   0   0   0   2   1   1   2   2   5   2
  12   4  23   STO   0   4      s[] :    0   0   0   0   0   0   2   1   2   2   2   5
  11   4  24   LOD   0   5      s[] :    0   0   0   0   0   0   2   1   2   2   2   5   2
  12   4  25   LOD   0   7      s[] :    0   0   0   0   0   0   2   1   2   2   2   5   2   5
  13   4  26   OPR   0  11      s[] :    0   0   0   0   0   0   2   1   2   2   2   5   0
  12   4  27   JPC   0  33      s[] :    0   0   0   0   0   0   2   1   2   2   2   5
  11   4  28   LOD   0   5      s[] :    0   0   0   0   0   0   2   1   2   2   2   5   2
  12   4  29   LIT   0   1      s[] :    0   0   0   0   0   0   2   1   2   2   2   5   2   1
  13   4  30   OPR   0   2      s[] :    0   0   0   0   0   0   2   1   2   2   2   5   3
  12   4  31   STO   0   5      s[] :    0   0   0   0   0   0   2   1   2   3   2   5
  11   4  32   JMP   0  16      s[] :    0   0   0   0   0   0   2   1   2   3   2   5
  11   4  16   LOD   0   3      s[] :    0   0   0   0   0   0   2   1   2   3   2   5   1
  12   4  17   LOD   0   4      s[] :    0   0   0   0   0   0   2   1   2   3   2   5   1   2
  13   4  18   OPR   0   2      s[] :    0   0   0   0   0   0   2   1   2   3   2   5   3
  12   4  19   STO   0   6      s[] :    0   0   0   0   0   0   2   1   2   3   3   5
  11   4  20   LOD   0   4      s[] :    0   0   0   0   0   0   2   1   2   3   3   5   2
  12   4  21   STO   0   3      s[] :    0   0   0   0   0   0   2   2   2   3   3   5
  11   4  22   LOD   0   6      s[] :    0   0   0   0   0   0   2   2   2   3   3   5   3
  12   4  23   STO   0   4      s[] :    0   0   0   0   0   0   2   2   3   3   3   5
  11   4  24   LOD   0   5      s[] :    0   0   0   0   0   0   2   2   3   3   3   5   3
  12   4  25   LOD   0   7      s[] :    0   0   0   0   0   0   2   2   3   3   3   5   3   5
  13   4  26   OPR   0  11      s[] :    0   0   0   0   0   0   2   2   3   3   3   5   0
  12   4  27   JPC   0  33      s[] :    0   0   0   0   0   0   2   2   3   3   3   5
  11   4  28   LOD   0   5      s[] :    0   0   0   0   0   0   2   2   3   3   3   5   3
  12   4  29   LIT   0   1      s[] :    0   0   0   0   0   0   2   2   3   3   3   5   3   1
  13   4  30   OPR   0   2      s[] :    0   0   0   0   0   0   2   2   3   3   3   5   4
  12   4  31   STO   0   5      s[] :    0   0   0   0   0   0   2   2   3   4   3   5
  11   4  32   JMP   0  16      s[] :    0   0   0   0   0   0   2   2   3   4   3   5
  11   4  16   LOD   0   3      s[] :    0   0   0   0   0   0   2   2   3   4   3   5   2
  12   4  17   LOD   0   4      s[] :    0   0   0   0   0   0   2   2   3   4   3   5   2   3
  13   4  18   OPR   0   2      s[] :    0   0   0   0   0   0   2   2   3   4   3   5   5
  12   4  19   STO   0   6      s[] :    0   0   0   0   0   0   2   2   3   4   5   5
  11   4  20   LOD   0   4      s[] :    0   0   0   0   0   0   2   2   3   4   5   5   3
  12   4  21   STO   0   3      s[] :    0   0   0   0   0   0   2   3   3   4   5   5
  11   4  22   LOD   0   6      s[] :    0   0   0   0   0   0   2   3   3   4   5   5   5
  12   4  23   STO   0   4      s[] :    0   0   0   0   0   0   2   3   5   4   5   5
  11   4  24   LOD   0   5      s[] :    0   0   0   0   0   0   2   3   5   4   5   5   4
  12   4  25   LOD   0   7      s[] :    0   0   0   0   0   0   2   3   5   4   5   5   4   5
  13   4  26   OPR   0  11      s[] :    0   0   0   0   0   0   2   3   5   4   5   5   0
  12   4  27   JPC   0  33      s[] :    0   0   0   0   0   0   2   3   5   4   5   5
  11   4  28   LOD   0   5      s[] :    0   0   0   0   0   0   2   3   5   4   5   5   4
  12   4  29   LIT   0   1      s[] :    0   0   0   0   0   0   2   3   5   4   5   5   4   1
  13   4  30   OPR   0   2      s[] :    0   0   0   0   0   0   2   3   5   4   5   5   5
  12   4  31   STO   0   5      s[] :    0   0   0   0   0   0   2   3   5   5   5   5
  11   4  32   JMP   0  16      s[] :    0   0   0   0   0   0   2   3   5   5   5   5
  11   4  16   LOD   0   3      s[] :    0   0   0   0   0   0   2   3   5   5   5   5   3
  12   4  17   LOD   0   4      s[] :    0   0   0   0   0   0   2   3   5   5   5   5   3   5
  13   4  18   OPR   0   2      s[] :    0   0   0   0   0   0   2   3   5   5   5   5   8
  12   4  19   STO   0   6      s[] :    0   0   0   0   0   0   2   3   5   5   8   5
  11   4  20   LOD   0   4      s[] :    0   0   0   0   0   0   2   3   5   5   8   5   5
  12   4  21   STO   0   3      s[] :    0   0   0   0   0   0   2   5   5   5   8   5
  11   4  22   LOD   0   6      s[] :    0   0   0   0   0   0   2   5   5   5   8   5   8
  12   4  23   STO   0   4      s[] :    0   0   0   0   0   0   2   5   8   5   8   5
  11   4  24   LOD   0   5      s[] :    0   0   0   0   0   0   2   5   8   5   8   5   5
  12   4  25   LOD   0   7      s[] :    0   0   0   0   0   0   2   5   8   5   8   5   5   5
  13   4  26   OPR   0  11      s[] :    0   0   0   0   0   0   2   5   8   5   8   5   1
  12   4  27   JPC   0  33      s[] :    0   0   0   0   0   0   2   5   8   5   8   5
  11   4  33   OPR   0   0      s[] :    0   0   0   0
   3   0   2   LOD   0   9      s[] :    0   0   0   0   5
   4   0   3   STO   0   3      s[] :    0   0   0   5
   3   0   4   OPR   0   0      s[] : 
 === === ===   === === ===             === === === === === === === === === === === === === === ===
 t   b   p     f   l   a                 0   1   2   3   4   5   6   7   8   9  10  11  12  13  14
