
 start pl/0
 t   b   p     f   l   a                 0   1   2   3   4   5   6   7   8   9  10  11  12  13  14
 === === ===   === === ===             === === === === === === === === === === === === === === ===
  -1   0   0   INT   0   4      s[] :    0   0   0   0
   3   0   1   CAL   0   5      s[] :    0   0   0   0
   3   4   5   INT   0   6      s[] :    0   0   0   0   0   0   2   0   0   0
   9   4   6   LIT   0   4      s[] :    0   0   0   0   0   0   2   0   0   0   4
  10   4   7   STO   0   3      s[] :    0   0   0   0   0   0   2   4   0   0
   9   4   8   LIT   0   1      s[] :    0   0   0   0   0   0   2   4   0   0   1
  10   4   9   STO   0   4      s[] :    0   0   0   0   0   0   2   4   1   0
   9   4  10   LIT   0   1      s[] :    0   0   0   0   0   0   2   4   1   0   1
  10   4  11   STO   0   5      s[] :    0   0   0   0   0   0   2   4   1   1
   9   4  12   LOD   0   4      s[] :    0   0   0   0   0   0   2   4   1   1   1
  10   4  13   LOD   0   5      s[] :    0   0   0   0   0   0   2   4   1   1   1   1
  11   4  14   OPR   0   4      s[] :    0   0   0   0   0   0   2   4   1   1   1
  10   4  15   STO   0   5      s[] :    0   0   0   0   0   0   2   4   1   1
   9   4  16   LOD   0   4      s[] :    0   0   0   0   0   0   2   4   1   1   1
  10   4  17   LOD   0   3      s[] :    0   0   0   0   0   0   2   4   1   1   1   4
  11   4  18   OPR   0  11      s[] :    0   0   0   0   0   0   2   4   1   1   0
  10   4  19   JPC   0  25      s[] :    0   0   0   0   0   0   2   4   1   1
   9   4  20   LOD   0   4      s[] :    0   0   0   0   0   0   2   4   1   1   1
  10   4  21   LIT   0   1      s[] :    0   0   0   0   0   0   2   4   1   1   1   1
  11   4  22   OPR   0   2      s[] :    0   0   0   0   0   0   2   4   1   1   2
  10   4  23   STO   0   4      s[] :    0   0   0   0   0   0   2   4   2   1
   9   4  24   JMP   0  12      s[] :    0   0   0   0   0   0   2   4   2   1
   9   4  12   LOD   0   4      s[] :    0   0   0   0   0   0   2   4   2   1   2
  10   4  13   LOD   0   5      s[] :    0   0   0   0   0   0   2   4   2   1   2   1
  11   4  14   OPR   0   4      s[] :    0   0   0   0   0   0   2   4   2   1   2
  10   4  15   STO   0   5      s[] :    0   0   0   0   0   0   2   4   2   2
   9   4  16   LOD   0   4      s[] :    0   0   0   0   0   0   2   4   2   2   2
  10   4  17   LOD   0   3      s[] :    0   0   0   0   0   0   2   4   2   2   2   4
  11   4  18   OPR   0  11      s[] :    0   0   0   0   0   0   2   4   2   2   0
  10   4  19   JPC   0  25      s[] :    0   0   0   0   0   0   2   4   2   2
   9   4  20   LOD   0   4      s[] :    0   0   0   0   0   0   2   4   2   2   2
  10   4  21   LIT   0   1      s[] :    0   0   0   0   0   0   2   4   2   2   2   1
  11   4  22   OPR   0   2      s[] :    0   0   0   0   0   0   2   4   2   2   3
  10   4  23   STO   0   4      s[] :    0   0   0   0   0   0   2   4   3   2
   9   4  24   JMP   0  12      s[] :    0   0   0   0   0   0   2   4   3   2
   9   4  12   LOD   0   4      s[] :    0   0   0   0   0   0   2   4   3   2   3
  10   4  13   LOD   0   5      s[] :    0   0   0   0   0   0   2   4   3   2   3   2
  11   4  14   OPR   0   4      s[] :    0   0   0   0   0   0   2   4   3   2   6
  10   4  15   STO   0   5      s[] :    0   0   0   0   0   0   2   4   3   6
   9   4  16   LOD   0   4      s[] :    0   0   0   0   0   0   2   4   3   6   3
  10   4  17   LOD   0   3      s[] :    0   0   0   0   0   0   2   4   3   6   3   4
  11   4  18   OPR   0  11      s[] :    0   0   0   0   0   0   2   4   3   6   0
  10   4  19   JPC   0  25      s[] :    0   0   0   0   0   0   2   4   3   6
   9   4  20   LOD   0   4      s[] :    0   0   0   0   0   0   2   4   3   6   3
  10   4  21   LIT   0   1      s[] :    0   0   0   0   0   0   2   4   3   6   3   1
  11   4  22   OPR   0   2      s[] :    0   0   0   0   0   0   2   4   3   6   4
  10   4  23   STO   0   4      s[] :    0   0   0   0   0   0   2   4   4   6
   9   4  24   JMP   0  12      s[] :    0   0   0   0   0   0   2   4   4   6
   9   4  12   LOD   0   4      s[] :    0   0   0   0   0   0   2   4   4   6   4
  10   4  13   LOD   0   5      s[] :    0   0   0   0   0   0   2   4   4   6   4   6
  11   4  14   OPR   0   4      s[] :    0   0   0   0   0   0   2   4   4   6  24
  10   4  15   STO   0   5      s[] :    0   0   0   0   0   0   2   4   4  24
   9   4  16   LOD   0   4      s[] :    0   0   0   0   0   0   2   4   4  24   4
  10   4  17   LOD   0   3      s[] :    0   0   0   0   0   0   2   4   4  24   4   4
  11   4  18   OPR   0  11      s[] :    0   0   0   0   0   0   2   4   4  24   1
  10   4  19   JPC   0  25      s[] :    0   0   0   0   0   0   2   4   4  24
   9   4  25   OPR   0   0      s[] :    0   0   0   0
   3   0   2   LOD   0   9      s[] :    0   0   0   0  24
   4   0   3   STO   0   3      s[] :    0   0   0  24
   3   0   4   OPR   0   0      s[] : 
 === === ===   === === ===             === === === === === === === === === === === === === === ===
 t   b   p     f   l   a                 0   1   2   3   4   5   6   7   8   9  10  11  12  13  14
 end pl/0
