
  p    b   t 
|===  === ===
| 1 |  1 |  0 |  [0]  [0]  [0]  [0]  [0]  [0] 
| 2 |  1 |  6 |  [0]  [0]  [0]  [0]  [0]  [0]  [2] 
| 3 |  1 |  7 |  [0]  [0]  [0]  [2]  [0]  [0] 
| 4 |  1 |  6 |  [0]  [0]  [0]  [2]  [0]  [0]  [100] 
| 5 |  1 |  7 |  [0]  [0]  [0]  [2]  [100]  [0] 
| 6 |  1 |  6 |  [0]  [0]  [0]  [2]  [100]  [0]  [1] 
| 7 |  1 |  7 |  [0]  [0]  [0]  [2]  [100]  [1] 
| 8 |  1 |  6 |  [0]  [0]  [0]  [2]  [100]  [1]  [2] 
| 9 |  1 |  7 |  [0]  [0]  [0]  [2]  [100]  [1]  [2]  [2] 
|10 |  1 |  8 |  [0]  [0]  [0]  [2]  [100]  [1]  [4] 
|11 |  1 |  7 |  [0]  [0]  [0]  [2]  [100]  [1]  [4]  [1] 
|12 |  1 |  8 |  [0]  [0]  [0]  [2]  [100]  [1]  [5] 
|13 |  1 |  7 |  [0]  [0]  [0]  [2]  [100]  [5] 
|14 |  1 |  6 |  [0]  [0]  [0]  [2]  [100]  [5]  [2] 
|15 |  1 |  7 |  [0]  [0]  [0]  [2]  [100]  [5]  [2]  [100] 
|16 |  1 |  8 |  [0]  [0]  [0]  [2]  [100]  [5]  [1] 
|17 |  1 |  7 |  [0]  [0]  [0]  [2]  [100]  [5]  [1] 
|18 |  1 |  7 |  [0]  [0]  [0]  [2]  [100]  [5]  [1]  [2] 
|19 |  1 |  8 |  [0]  [0]  [0]  [2]  [100]  [5]  [3] 
|20 |  1 |  7 |  [0]  [0]  [0]  [3]  [100]  [5] 
|21 |  1 |  6 |  [0]  [0]  [0]  [3]  [100]  [5] 
| 8 |  1 |  6 |  [0]  [0]  [0]  [3]  [100]  [5]  [3] 
| 9 |  1 |  7 |  [0]  [0]  [0]  [3]  [100]  [5]  [3]  [3] 
|10 |  1 |  8 |  [0]  [0]  [0]  [3]  [100]  [5]  [9] 
|11 |  1 |  7 |  [0]  [0]  [0]  [3]  [100]  [5]  [9]  [5] 
|12 |  1 |  8 |  [0]  [0]  [0]  [3]  [100]  [5]  [14] 
|13 |  1 |  7 |  [0]  [0]  [0]  [3]  [100]  [14] 
|14 |  1 |  6 |  [0]  [0]  [0]  [3]  [100]  [14]  [3] 
|15 |  1 |  7 |  [0]  [0]  [0]  [3]  [100]  [14]  [3]  [100] 
|16 |  1 |  8 |  [0]  [0]  [0]  [3]  [100]  [14]  [1] 
|17 |  1 |  7 |  [0]  [0]  [0]  [3]  [100]  [14]  [1] 
|18 |  1 |  7 |  [0]  [0]  [0]  [3]  [100]  [14]  [1]  [3] 
|19 |  1 |  8 |  [0]  [0]  [0]  [3]  [100]  [14]  [4] 
|20 |  1 |  7 |  [0]  [0]  [0]  [4]  [100]  [14] 
|21 |  1 |  6 |  [0]  [0]  [0]  [4]  [100]  [14] 
| 8 |  1 |  6 |  [0]  [0]  [0]  [4]  [100]  [14]  [4] 
| 9 |  1 |  7 |  [0]  [0]  [0]  [4]  [100]  [14]  [4]  [4] 
|10 |  1 |  8 |  [0]  [0]  [0]  [4]  [100]  [14]  [16] 
|11 |  1 |  7 |  [0]  [0]  [0]  [4]  [100]  [14]  [16]  [14] 
|12 |  1 |  8 |  [0]  [0]  [0]  [4]  [100]  [14]  [30] 
|13 |  1 |  7 |  [0]  [0]  [0]  [4]  [100]  [30] 
|14 |  1 |  6 |  [0]  [0]  [0]  [4]  [100]  [30]  [4] 
|15 |  1 |  7 |  [0]  [0]  [0]  [4]  [100]  [30]  [4]  [100] 
|16 |  1 |  8 |  [0]  [0]  [0]  [4]  [100]  [30]  [1] 
|17 |  1 |  7 |  [0]  [0]  [0]  [4]  [100]  [30]  [1] 
|18 |  1 |  7 |  [0]  [0]  [0]  [4]  [100]  [30]  [1]  [4] 
|19 |  1 |  8 |  [0]  [0]  [0]  [4]  [100]  [30]  [5] 
|20 |  1 |  7 |  [0]  [0]  [0]  [5]  [100]  [30] 
|21 |  1 |  6 |  [0]  [0]  [0]  [5]  [100]  [30] 
| 8 |  1 |  6 |  [0]  [0]  [0]  [5]  [100]  [30]  [5] 
| 9 |  1 |  7 |  [0]  [0]  [0]  [5]  [100]  [30]  [5]  [5] 
|10 |  1 |  8 |  [0]  [0]  [0]  [5]  [100]  [30]  [25] 
|11 |  1 |  7 |  [0]  [0]  [0]  [5]  [100]  [30]  [25]  [30] 
|12 |  1 |  8 |  [0]  [0]  [0]  [5]  [100]  [30]  [55] 
|13 |  1 |  7 |  [0]  [0]  [0]  [5]  [100]  [55] 
|14 |  1 |  6 |  [0]  [0]  [0]  [5]  [100]  [55]  [5] 
|15 |  1 |  7 |  [0]  [0]  [0]  [5]  [100]  [55]  [5]  [100] 
|16 |  1 |  8 |  [0]  [0]  [0]  [5]  [100]  [55]  [1] 
|17 |  1 |  7 |  [0]  [0]  [0]  [5]  [100]  [55]  [1] 
|18 |  1 |  7 |  [0]  [0]  [0]  [5]  [100]  [55]  [1]  [5] 
|19 |  1 |  8 |  [0]  [0]  [0]  [5]  [100]  [55]  [6] 
|20 |  1 |  7 |  [0]  [0]  [0]  [6]  [100]  [55] 
|21 |  1 |  6 |  [0]  [0]  [0]  [6]  [100]  [55] 
| 8 |  1 |  6 |  [0]  [0]  [0]  [6]  [100]  [55]  [6] 
| 9 |  1 |  7 |  [0]  [0]  [0]  [6]  [100]  [55]  [6]  [6] 
|10 |  1 |  8 |  [0]  [0]  [0]  [6]  [100]  [55]  [36] 
|11 |  1 |  7 |  [0]  [0]  [0]  [6]  [100]  [55]  [36]  [55] 
|12 |  1 |  8 |  [0]  [0]  [0]  [6]  [100]  [55]  [91] 
|13 |  1 |  7 |  [0]  [0]  [0]  [6]  [100]  [91] 
|14 |  1 |  6 |  [0]  [0]  [0]  [6]  [100]  [91]  [6] 
|15 |  1 |  7 |  [0]  [0]  [0]  [6]  [100]  [91]  [6]  [100] 
|16 |  1 |  8 |  [0]  [0]  [0]  [6]  [100]  [91]  [1] 
|17 |  1 |  7 |  [0]  [0]  [0]  [6]  [100]  [91]  [1] 
|18 |  1 |  7 |  [0]  [0]  [0]  [6]  [100]  [91]  [1]  [6] 
|19 |  1 |  8 |  [0]  [0]  [0]  [6]  [100]  [91]  [7] 
|20 |  1 |  7 |  [0]  [0]  [0]  [7]  [100]  [91] 
|21 |  1 |  6 |  [0]  [0]  [0]  [7]  [100]  [91] 
| 8 |  1 |  6 |  [0]  [0]  [0]  [7]  [100]  [91]  [7] 
| 9 |  1 |  7 |  [0]  [0]  [0]  [7]  [100]  [91]  [7]  [7] 
|10 |  1 |  8 |  [0]  [0]  [0]  [7]  [100]  [91]  [49] 
|11 |  1 |  7 |  [0]  [0]  [0]  [7]  [100]  [91]  [49]  [91] 
|12 |  1 |  8 |  [0]  [0]  [0]  [7]  [100]  [91]  [140] 
|13 |  1 |  7 |  [0]  [0]  [0]  [7]  [100]  [140] 
|14 |  1 |  6 |  [0]  [0]  [0]  [7]  [100]  [140]  [7] 
|15 |  1 |  7 |  [0]  [0]  [0]  [7]  [100]  [140]  [7]  [100] 
|16 |  1 |  8 |  [0]  [0]  [0]  [7]  [100]  [140]  [1] 
|17 |  1 |  7 |  [0]  [0]  [0]  [7]  [100]  [140]  [1] 
|18 |  1 |  7 |  [0]  [0]  [0]  [7]  [100]  [140]  [1]  [7] 
|19 |  1 |  8 |  [0]  [0]  [0]  [7]  [100]  [140]  [8] 
|20 |  1 |  7 |  [0]  [0]  [0]  [8]  [100]  [140] 
|21 |  1 |  6 |  [0]  [0]  [0]  [8]  [100]  [140] 
| 8 |  1 |  6 |  [0]  [0]  [0]  [8]  [100]  [140]  [8] 
| 9 |  1 |  7 |  [0]  [0]  [0]  [8]  [100]  [140]  [8]  [8] 
|10 |  1 |  8 |  [0]  [0]  [0]  [8]  [100]  [140]  [64] 
|11 |  1 |  7 |  [0]  [0]  [0]  [8]  [100]  [140]  [64]  [140] 
|12 |  1 |  8 |  [0]  [0]  [0]  [8]  [100]  [140]  [204] 
|13 |  1 |  7 |  [0]  [0]  [0]  [8]  [100]  [204] 
|14 |  1 |  6 |  [0]  [0]  [0]  [8]  [100]  [204]  [8] 
|15 |  1 |  7 |  [0]  [0]  [0]  [8]  [100]  [204]  [8]  [100] 
|16 |  1 |  8 |  [0]  [0]  [0]  [8]  [100]  [204]  [1] 
|17 |  1 |  7 |  [0]  [0]  [0]  [8]  [100]  [204]  [1] 
|18 |  1 |  7 |  [0]  [0]  [0]  [8]  [100]  [204]  [1]  [8] 
|19 |  1 |  8 |  [0]  [0]  [0]  [8]  [100]  [204]  [9] 
|20 |  1 |  7 |  [0]  [0]  [0]  [9]  [100]  [204] 
|21 |  1 |  6 |  [0]  [0]  [0]  [9]  [100]  [204] 
| 8 |  1 |  6 |  [0]  [0]  [0]  [9]  [100]  [204]  [9] 
| 9 |  1 |  7 |  [0]  [0]  [0]  [9]  [100]  [204]  [9]  [9] 
|10 |  1 |  8 |  [0]  [0]  [0]  [9]  [100]  [204]  [81] 
|11 |  1 |  7 |  [0]  [0]  [0]  [9]  [100]  [204]  [81]  [204] 
|12 |  1 |  8 |  [0]  [0]  [0]  [9]  [100]  [204]  [285] 
|13 |  1 |  7 |  [0]  [0]  [0]  [9]  [100]  [285] 
|14 |  1 |  6 |  [0]  [0]  [0]  [9]  [100]  [285]  [9] 
|15 |  1 |  7 |  [0]  [0]  [0]  [9]  [100]  [285]  [9]  [100] 
|16 |  1 |  8 |  [0]  [0]  [0]  [9]  [100]  [285]  [1] 
|17 |  1 |  7 |  [0]  [0]  [0]  [9]  [100]  [285]  [1] 
|18 |  1 |  7 |  [0]  [0]  [0]  [9]  [100]  [285]  [1]  [9] 
|19 |  1 |  8 |  [0]  [0]  [0]  [9]  [100]  [285]  [10] 
|20 |  1 |  7 |  [0]  [0]  [0]  [10]  [100]  [285] 
|21 |  1 |  6 |  [0]  [0]  [0]  [10]  [100]  [285] 
| 8 |  1 |  6 |  [0]  [0]  [0]  [10]  [100]  [285]  [10] 
| 9 |  1 |  7 |  [0]  [0]  [0]  [10]  [100]  [285]  [10]  [10] 
|10 |  1 |  8 |  [0]  [0]  [0]  [10]  [100]  [285]  [100] 
|11 |  1 |  7 |  [0]  [0]  [0]  [10]  [100]  [285]  [100]  [285] 
|12 |  1 |  8 |  [0]  [0]  [0]  [10]  [100]  [285]  [385] 
|13 |  1 |  7 |  [0]  [0]  [0]  [10]  [100]  [385] 
|14 |  1 |  6 |  [0]  [0]  [0]  [10]  [100]  [385]  [10] 
|15 |  1 |  7 |  [0]  [0]  [0]  [10]  [100]  [385]  [10]  [100] 
|16 |  1 |  8 |  [0]  [0]  [0]  [10]  [100]  [385]  [1] 
|17 |  1 |  7 |  [0]  [0]  [0]  [10]  [100]  [385]  [1] 
|18 |  1 |  7 |  [0]  [0]  [0]  [10]  [100]  [385]  [1]  [10] 
|19 |  1 |  8 |  [0]  [0]  [0]  [10]  [100]  [385]  [11] 
|20 |  1 |  7 |  [0]  [0]  [0]  [11]  [100]  [385] 
|21 |  1 |  6 |  [0]  [0]  [0]  [11]  [100]  [385] 
| 8 |  1 |  6 |  [0]  [0]  [0]  [11]  [100]  [385]  [11] 
| 9 |  1 |  7 |  [0]  [0]  [0]  [11]  [100]  [385]  [11]  [11] 
|10 |  1 |  8 |  [0]  [0]  [0]  [11]  [100]  [385]  [121] 
|11 |  1 |  7 |  [0]  [0]  [0]  [11]  [100]  [385]  [121]  [385] 
|12 |  1 |  8 |  [0]  [0]  [0]  [11]  [100]  [385]  [506] 
|13 |  1 |  7 |  [0]  [0]  [0]  [11]  [100]  [506] 
|14 |  1 |  6 |  [0]  [0]  [0]  [11]  [100]  [506]  [11] 
|15 |  1 |  7 |  [0]  [0]  [0]  [11]  [100]  [506]  [11]  [100] 
|16 |  1 |  8 |  [0]  [0]  [0]  [11]  [100]  [506]  [1] 
|17 |  1 |  7 |  [0]  [0]  [0]  [11]  [100]  [506]  [1] 
|18 |  1 |  7 |  [0]  [0]  [0]  [11]  [100]  [506]  [1]  [11] 
|19 |  1 |  8 |  [0]  [0]  [0]  [11]  [100]  [506]  [12] 
|20 |  1 |  7 |  [0]  [0]  [0]  [12]  [100]  [506] 
|21 |  1 |  6 |  [0]  [0]  [0]  [12]  [100]  [506] 
| 8 |  1 |  6 |  [0]  [0]  [0]  [12]  [100]  [506]  [12] 
| 9 |  1 |  7 |  [0]  [0]  [0]  [12]  [100]  [506]  [12]  [12] 
|10 |  1 |  8 |  [0]  [0]  [0]  [12]  [100]  [506]  [144] 
|11 |  1 |  7 |  [0]  [0]  [0]  [12]  [100]  [506]  [144]  [506] 
|12 |  1 |  8 |  [0]  [0]  [0]  [12]  [100]  [506]  [650] 
|13 |  1 |  7 |  [0]  [0]  [0]  [12]  [100]  [650] 
|14 |  1 |  6 |  [0]  [0]  [0]  [12]  [100]  [650]  [12] 
|15 |  1 |  7 |  [0]  [0]  [0]  [12]  [100]  [650]  [12]  [100] 
|16 |  1 |  8 |  [0]  [0]  [0]  [12]  [100]  [650]  [1] 
|17 |  1 |  7 |  [0]  [0]  [0]  [12]  [100]  [650]  [1] 
|18 |  1 |  7 |  [0]  [0]  [0]  [12]  [100]  [650]  [1]  [12] 
|19 |  1 |  8 |  [0]  [0]  [0]  [12]  [100]  [650]  [13] 
|20 |  1 |  7 |  [0]  [0]  [0]  [13]  [100]  [650] 
|21 |  1 |  6 |  [0]  [0]  [0]  [13]  [100]  [650] 
| 8 |  1 |  6 |  [0]  [0]  [0]  [13]  [100]  [650]  [13] 
| 9 |  1 |  7 |  [0]  [0]  [0]  [13]  [100]  [650]  [13]  [13] 
|10 |  1 |  8 |  [0]  [0]  [0]  [13]  [100]  [650]  [169] 
|11 |  1 |  7 |  [0]  [0]  [0]  [13]  [100]  [650]  [169]  [650] 
|12 |  1 |  8 |  [0]  [0]  [0]  [13]  [100]  [650]  [819] 
|13 |  1 |  7 |  [0]  [0]  [0]  [13]  [100]  [819] 
|14 |  1 |  6 |  [0]  [0]  [0]  [13]  [100]  [819]  [13] 
|15 |  1 |  7 |  [0]  [0]  [0]  [13]  [100]  [819]  [13]  [100] 
|16 |  1 |  8 |  [0]  [0]  [0]  [13]  [100]  [819]  [1] 
|17 |  1 |  7 |  [0]  [0]  [0]  [13]  [100]  [819]  [1] 
|18 |  1 |  7 |  [0]  [0]  [0]  [13]  [100]  [819]  [1]  [13] 
|19 |  1 |  8 |  [0]  [0]  [0]  [13]  [100]  [819]  [14] 
|20 |  1 |  7 |  [0]  [0]  [0]  [14]  [100]  [819] 
|21 |  1 |  6 |  [0]  [0]  [0]  [14]  [100]  [819] 
| 8 |  1 |  6 |  [0]  [0]  [0]  [14]  [100]  [819]  [14] 
| 9 |  1 |  7 |  [0]  [0]  [0]  [14]  [100]  [819]  [14]  [14] 
|10 |  1 |  8 |  [0]  [0]  [0]  [14]  [100]  [819]  [196] 
|11 |  1 |  7 |  [0]  [0]  [0]  [14]  [100]  [819]  [196]  [819] 
|12 |  1 |  8 |  [0]  [0]  [0]  [14]  [100]  [819]  [1015] 
|13 |  1 |  7 |  [0]  [0]  [0]  [14]  [100]  [1015] 
|14 |  1 |  6 |  [0]  [0]  [0]  [14]  [100]  [1015]  [14] 
|15 |  1 |  7 |  [0]  [0]  [0]  [14]  [100]  [1015]  [14]  [100] 
|16 |  1 |  8 |  [0]  [0]  [0]  [14]  [100]  [1015]  [1] 
|17 |  1 |  7 |  [0]  [0]  [0]  [14]  [100]  [1015]  [1] 
|18 |  1 |  7 |  [0]  [0]  [0]  [14]  [100]  [1015]  [1]  [14] 
|19 |  1 |  8 |  [0]  [0]  [0]  [14]  [100]  [1015]  [15] 
|20 |  1 |  7 |  [0]  [0]  [0]  [15]  [100]  [1015] 
|21 |  1 |  6 |  [0]  [0]  [0]  [15]  [100]  [1015] 
| 8 |  1 |  6 |  [0]  [0]  [0]  [15]  [100]  [1015]  [15] 
| 9 |  1 |  7 |  [0]  [0]  [0]  [15]  [100]  [1015]  [15]  [15] 
|10 |  1 |  8 |  [0]  [0]  [0]  [15]  [100]  [1015]  [225] 
|11 |  1 |  7 |  [0]  [0]  [0]  [15]  [100]  [1015]  [225]  [1015] 
|12 |  1 |  8 |  [0]  [0]  [0]  [15]  [100]  [1015]  [1240] 
|13 |  1 |  7 |  [0]  [0]  [0]  [15]  [100]  [1240] 
|14 |  1 |  6 |  [0]  [0]  [0]  [15]  [100]  [1240]  [15] 
|15 |  1 |  7 |  [0]  [0]  [0]  [15]  [100]  [1240]  [15]  [100] 
|16 |  1 |  8 |  [0]  [0]  [0]  [15]  [100]  [1240]  [1] 
|17 |  1 |  7 |  [0]  [0]  [0]  [15]  [100]  [1240]  [1] 
|18 |  1 |  7 |  [0]  [0]  [0]  [15]  [100]  [1240]  [1]  [15] 
|19 |  1 |  8 |  [0]  [0]  [0]  [15]  [100]  [1240]  [16] 
|20 |  1 |  7 |  [0]  [0]  [0]  [16]  [100]  [1240] 
|21 |  1 |  6 |  [0]  [0]  [0]  [16]  [100]  [1240] 
| 8 |  1 |  6 |  [0]  [0]  [0]  [16]  [100]  [1240]  [16] 
| 9 |  1 |  7 |  [0]  [0]  [0]  [16]  [100]  [1240]  [16]  [16] 
|10 |  1 |  8 |  [0]  [0]  [0]  [16]  [100]  [1240]  [256] 
|11 |  1 |  7 |  [0]  [0]  [0]  [16]  [100]  [1240]  [256]  [1240] 
|12 |  1 |  8 |  [0]  [0]  [0]  [16]  [100]  [1240]  [1496] 
|13 |  1 |  7 |  [0]  [0]  [0]  [16]  [100]  [1496] 
|14 |  1 |  6 |  [0]  [0]  [0]  [16]  [100]  [1496]  [16] 
|15 |  1 |  7 |  [0]  [0]  [0]  [16]  [100]  [1496]  [16]  [100] 
|16 |  1 |  8 |  [0]  [0]  [0]  [16]  [100]  [1496]  [1] 
|17 |  1 |  7 |  [0]  [0]  [0]  [16]  [100]  [1496]  [1] 
|18 |  1 |  7 |  [0]  [0]  [0]  [16]  [100]  [1496]  [1]  [16] 
|19 |  1 |  8 |  [0]  [0]  [0]  [16]  [100]  [1496]  [17] 
|20 |  1 |  7 |  [0]  [0]  [0]  [17]  [100]  [1496] 
|21 |  1 |  6 |  [0]  [0]  [0]  [17]  [100]  [1496] 
| 8 |  1 |  6 |  [0]  [0]  [0]  [17]  [100]  [1496]  [17] 
| 9 |  1 |  7 |  [0]  [0]  [0]  [17]  [100]  [1496]  [17]  [17] 
|10 |  1 |  8 |  [0]  [0]  [0]  [17]  [100]  [1496]  [289] 
|11 |  1 |  7 |  [0]  [0]  [0]  [17]  [100]  [1496]  [289]  [1496] 
|12 |  1 |  8 |  [0]  [0]  [0]  [17]  [100]  [1496]  [1785] 
|13 |  1 |  7 |  [0]  [0]  [0]  [17]  [100]  [1785] 
|14 |  1 |  6 |  [0]  [0]  [0]  [17]  [100]  [1785]  [17] 
|15 |  1 |  7 |  [0]  [0]  [0]  [17]  [100]  [1785]  [17]  [100] 
|16 |  1 |  8 |  [0]  [0]  [0]  [17]  [100]  [1785]  [1] 
|17 |  1 |  7 |  [0]  [0]  [0]  [17]  [100]  [1785]  [1] 
|18 |  1 |  7 |  [0]  [0]  [0]  [17]  [100]  [1785]  [1]  [17] 
|19 |  1 |  8 |  [0]  [0]  [0]  [17]  [100]  [1785]  [18] 
|20 |  1 |  7 |  [0]  [0]  [0]  [18]  [100]  [1785] 
|21 |  1 |  6 |  [0]  [0]  [0]  [18]  [100]  [1785] 
| 8 |  1 |  6 |  [0]  [0]  [0]  [18]  [100]  [1785]  [18] 
| 9 |  1 |  7 |  [0]  [0]  [0]  [18]  [100]  [1785]  [18]  [18] 
|10 |  1 |  8 |  [0]  [0]  [0]  [18]  [100]  [1785]  [324] 
|11 |  1 |  7 |  [0]  [0]  [0]  [18]  [100]  [1785]  [324]  [1785] 
|12 |  1 |  8 |  [0]  [0]  [0]  [18]  [100]  [1785]  [2109] 
|13 |  1 |  7 |  [0]  [0]  [0]  [18]  [100]  [2109] 
|14 |  1 |  6 |  [0]  [0]  [0]  [18]  [100]  [2109]  [18] 
|15 |  1 |  7 |  [0]  [0]  [0]  [18]  [100]  [2109]  [18]  [100] 
|16 |  1 |  8 |  [0]  [0]  [0]  [18]  [100]  [2109]  [1] 
|17 |  1 |  7 |  [0]  [0]  [0]  [18]  [100]  [2109]  [1] 
|18 |  1 |  7 |  [0]  [0]  [0]  [18]  [100]  [2109]  [1]  [18] 
|19 |  1 |  8 |  [0]  [0]  [0]  [18]  [100]  [2109]  [19] 
|20 |  1 |  7 |  [0]  [0]  [0]  [19]  [100]  [2109] 
|21 |  1 |  6 |  [0]  [0]  [0]  [19]  [100]  [2109] 
| 8 |  1 |  6 |  [0]  [0]  [0]  [19]  [100]  [2109]  [19] 
| 9 |  1 |  7 |  [0]  [0]  [0]  [19]  [100]  [2109]  [19]  [19] 
|10 |  1 |  8 |  [0]  [0]  [0]  [19]  [100]  [2109]  [361] 
|11 |  1 |  7 |  [0]  [0]  [0]  [19]  [100]  [2109]  [361]  [2109] 
|12 |  1 |  8 |  [0]  [0]  [0]  [19]  [100]  [2109]  [2470] 
|13 |  1 |  7 |  [0]  [0]  [0]  [19]  [100]  [2470] 
|14 |  1 |  6 |  [0]  [0]  [0]  [19]  [100]  [2470]  [19] 
|15 |  1 |  7 |  [0]  [0]  [0]  [19]  [100]  [2470]  [19]  [100] 
|16 |  1 |  8 |  [0]  [0]  [0]  [19]  [100]  [2470]  [1] 
|17 |  1 |  7 |  [0]  [0]  [0]  [19]  [100]  [2470]  [1] 
|18 |  1 |  7 |  [0]  [0]  [0]  [19]  [100]  [2470]  [1]  [19] 
|19 |  1 |  8 |  [0]  [0]  [0]  [19]  [100]  [2470]  [20] 
|20 |  1 |  7 |  [0]  [0]  [0]  [20]  [100]  [2470] 
|21 |  1 |  6 |  [0]  [0]  [0]  [20]  [100]  [2470] 
| 8 |  1 |  6 |  [0]  [0]  [0]  [20]  [100]  [2470]  [20] 
| 9 |  1 |  7 |  [0]  [0]  [0]  [20]  [100]  [2470]  [20]  [20] 
|10 |  1 |  8 |  [0]  [0]  [0]  [20]  [100]  [2470]  [400] 
|11 |  1 |  7 |  [0]  [0]  [0]  [20]  [100]  [2470]  [400]  [2470] 
|12 |  1 |  8 |  [0]  [0]  [0]  [20]  [100]  [2470]  [2870] 
|13 |  1 |  7 |  [0]  [0]  [0]  [20]  [100]  [2870] 
|14 |  1 |  6 |  [0]  [0]  [0]  [20]  [100]  [2870]  [20] 
|15 |  1 |  7 |  [0]  [0]  [0]  [20]  [100]  [2870]  [20]  [100] 
|16 |  1 |  8 |  [0]  [0]  [0]  [20]  [100]  [2870]  [1] 
|17 |  1 |  7 |  [0]  [0]  [0]  [20]  [100]  [2870]  [1] 
|18 |  1 |  7 |  [0]  [0]  [0]  [20]  [100]  [2870]  [1]  [20] 
|19 |  1 |  8 |  [0]  [0]  [0]  [20]  [100]  [2870]  [21] 
|20 |  1 |  7 |  [0]  [0]  [0]  [21]  [100]  [2870] 
|21 |  1 |  6 |  [0]  [0]  [0]  [21]  [100]  [2870] 
| 8 |  1 |  6 |  [0]  [0]  [0]  [21]  [100]  [2870]  [21] 
| 9 |  1 |  7 |  [0]  [0]  [0]  [21]  [100]  [2870]  [21]  [21] 
|10 |  1 |  8 |  [0]  [0]  [0]  [21]  [100]  [2870]  [441] 
|11 |  1 |  7 |  [0]  [0]  [0]  [21]  [100]  [2870]  [441]  [2870] 
|12 |  1 |  8 |  [0]  [0]  [0]  [21]  [100]  [2870]  [3311] 
|13 |  1 |  7 |  [0]  [0]  [0]  [21]  [100]  [3311] 
|14 |  1 |  6 |  [0]  [0]  [0]  [21]  [100]  [3311]  [21] 
|15 |  1 |  7 |  [0]  [0]  [0]  [21]  [100]  [3311]  [21]  [100] 
|16 |  1 |  8 |  [0]  [0]  [0]  [21]  [100]  [3311]  [1] 
|17 |  1 |  7 |  [0]  [0]  [0]  [21]  [100]  [3311]  [1] 
|18 |  1 |  7 |  [0]  [0]  [0]  [21]  [100]  [3311]  [1]  [21] 
|19 |  1 |  8 |  [0]  [0]  [0]  [21]  [100]  [3311]  [22] 
|20 |  1 |  7 |  [0]  [0]  [0]  [22]  [100]  [3311] 
|21 |  1 |  6 |  [0]  [0]  [0]  [22]  [100]  [3311] 
| 8 |  1 |  6 |  [0]  [0]  [0]  [22]  [100]  [3311]  [22] 
| 9 |  1 |  7 |  [0]  [0]  [0]  [22]  [100]  [3311]  [22]  [22] 
|10 |  1 |  8 |  [0]  [0]  [0]  [22]  [100]  [3311]  [484] 
|11 |  1 |  7 |  [0]  [0]  [0]  [22]  [100]  [3311]  [484]  [3311] 
|12 |  1 |  8 |  [0]  [0]  [0]  [22]  [100]  [3311]  [3795] 
|13 |  1 |  7 |  [0]  [0]  [0]  [22]  [100]  [3795] 
|14 |  1 |  6 |  [0]  [0]  [0]  [22]  [100]  [3795]  [22] 
|15 |  1 |  7 |  [0]  [0]  [0]  [22]  [100]  [3795]  [22]  [100] 
|16 |  1 |  8 |  [0]  [0]  [0]  [22]  [100]  [3795]  [1] 
|17 |  1 |  7 |  [0]  [0]  [0]  [22]  [100]  [3795]  [1] 
|18 |  1 |  7 |  [0]  [0]  [0]  [22]  [100]  [3795]  [1]  [22] 
|19 |  1 |  8 |  [0]  [0]  [0]  [22]  [100]  [3795]  [23] 
|20 |  1 |  7 |  [0]  [0]  [0]  [23]  [100]  [3795] 
|21 |  1 |  6 |  [0]  [0]  [0]  [23]  [100]  [3795] 
| 8 |  1 |  6 |  [0]  [0]  [0]  [23]  [100]  [3795]  [23] 
| 9 |  1 |  7 |  [0]  [0]  [0]  [23]  [100]  [3795]  [23]  [23] 
|10 |  1 |  8 |  [0]  [0]  [0]  [23]  [100]  [3795]  [529] 
|11 |  1 |  7 |  [0]  [0]  [0]  [23]  [100]  [3795]  [529]  [3795] 
|12 |  1 |  8 |  [0]  [0]  [0]  [23]  [100]  [3795]  [4324] 
|13 |  1 |  7 |  [0]  [0]  [0]  [23]  [100]  [4324] 
|14 |  1 |  6 |  [0]  [0]  [0]  [23]  [100]  [4324]  [23] 
|15 |  1 |  7 |  [0]  [0]  [0]  [23]  [100]  [4324]  [23]  [100] 
|16 |  1 |  8 |  [0]  [0]  [0]  [23]  [100]  [4324]  [1] 
|17 |  1 |  7 |  [0]  [0]  [0]  [23]  [100]  [4324]  [1] 
|18 |  1 |  7 |  [0]  [0]  [0]  [23]  [100]  [4324]  [1]  [23] 
|19 |  1 |  8 |  [0]  [0]  [0]  [23]  [100]  [4324]  [24] 
|20 |  1 |  7 |  [0]  [0]  [0]  [24]  [100]  [4324] 
|21 |  1 |  6 |  [0]  [0]  [0]  [24]  [100]  [4324] 
| 8 |  1 |  6 |  [0]  [0]  [0]  [24]  [100]  [4324]  [24] 
| 9 |  1 |  7 |  [0]  [0]  [0]  [24]  [100]  [4324]  [24]  [24] 
|10 |  1 |  8 |  [0]  [0]  [0]  [24]  [100]  [4324]  [576] 
|11 |  1 |  7 |  [0]  [0]  [0]  [24]  [100]  [4324]  [576]  [4324] 
|12 |  1 |  8 |  [0]  [0]  [0]  [24]  [100]  [4324]  [4900] 
|13 |  1 |  7 |  [0]  [0]  [0]  [24]  [100]  [4900] 
|14 |  1 |  6 |  [0]  [0]  [0]  [24]  [100]  [4900]  [24] 
|15 |  1 |  7 |  [0]  [0]  [0]  [24]  [100]  [4900]  [24]  [100] 
|16 |  1 |  8 |  [0]  [0]  [0]  [24]  [100]  [4900]  [1] 
|17 |  1 |  7 |  [0]  [0]  [0]  [24]  [100]  [4900]  [1] 
|18 |  1 |  7 |  [0]  [0]  [0]  [24]  [100]  [4900]  [1]  [24] 
|19 |  1 |  8 |  [0]  [0]  [0]  [24]  [100]  [4900]  [25] 
|20 |  1 |  7 |  [0]  [0]  [0]  [25]  [100]  [4900] 
|21 |  1 |  6 |  [0]  [0]  [0]  [25]  [100]  [4900] 
| 8 |  1 |  6 |  [0]  [0]  [0]  [25]  [100]  [4900]  [25] 
| 9 |  1 |  7 |  [0]  [0]  [0]  [25]  [100]  [4900]  [25]  [25] 
|10 |  1 |  8 |  [0]  [0]  [0]  [25]  [100]  [4900]  [625] 
|11 |  1 |  7 |  [0]  [0]  [0]  [25]  [100]  [4900]  [625]  [4900] 
|12 |  1 |  8 |  [0]  [0]  [0]  [25]  [100]  [4900]  [5525] 
|13 |  1 |  7 |  [0]  [0]  [0]  [25]  [100]  [5525] 
|14 |  1 |  6 |  [0]  [0]  [0]  [25]  [100]  [5525]  [25] 
|15 |  1 |  7 |  [0]  [0]  [0]  [25]  [100]  [5525]  [25]  [100] 
|16 |  1 |  8 |  [0]  [0]  [0]  [25]  [100]  [5525]  [1] 
|17 |  1 |  7 |  [0]  [0]  [0]  [25]  [100]  [5525]  [1] 
|18 |  1 |  7 |  [0]  [0]  [0]  [25]  [100]  [5525]  [1]  [25] 
|19 |  1 |  8 |  [0]  [0]  [0]  [25]  [100]  [5525]  [26] 
|20 |  1 |  7 |  [0]  [0]  [0]  [26]  [100]  [5525] 
|21 |  1 |  6 |  [0]  [0]  [0]  [26]  [100]  [5525] 
| 8 |  1 |  6 |  [0]  [0]  [0]  [26]  [100]  [5525]  [26] 
| 9 |  1 |  7 |  [0]  [0]  [0]  [26]  [100]  [5525]  [26]  [26] 
|10 |  1 |  8 |  [0]  [0]  [0]  [26]  [100]  [5525]  [676] 
|11 |  1 |  7 |  [0]  [0]  [0]  [26]  [100]  [5525]  [676]  [5525] 
|12 |  1 |  8 |  [0]  [0]  [0]  [26]  [100]  [5525]  [6201] 
|13 |  1 |  7 |  [0]  [0]  [0]  [26]  [100]  [6201] 
|14 |  1 |  6 |  [0]  [0]  [0]  [26]  [100]  [6201]  [26] 
|15 |  1 |  7 |  [0]  [0]  [0]  [26]  [100]  [6201]  [26]  [100] 
|16 |  1 |  8 |  [0]  [0]  [0]  [26]  [100]  [6201]  [1] 
|17 |  1 |  7 |  [0]  [0]  [0]  [26]  [100]  [6201]  [1] 
|18 |  1 |  7 |  [0]  [0]  [0]  [26]  [100]  [6201]  [1]  [26] 
|19 |  1 |  8 |  [0]  [0]  [0]  [26]  [100]  [6201]  [27] 
|20 |  1 |  7 |  [0]  [0]  [0]  [27]  [100]  [6201] 
|21 |  1 |  6 |  [0]  [0]  [0]  [27]  [100]  [6201] 
| 8 |  1 |  6 |  [0]  [0]  [0]  [27]  [100]  [6201]  [27] 
| 9 |  1 |  7 |  [0]  [0]  [0]  [27]  [100]  [6201]  [27]  [27] 
|10 |  1 |  8 |  [0]  [0]  [0]  [27]  [100]  [6201]  [729] 
|11 |  1 |  7 |  [0]  [0]  [0]  [27]  [100]  [6201]  [729]  [6201] 
|12 |  1 |  8 |  [0]  [0]  [0]  [27]  [100]  [6201]  [6930] 
|13 |  1 |  7 |  [0]  [0]  [0]  [27]  [100]  [6930] 
|14 |  1 |  6 |  [0]  [0]  [0]  [27]  [100]  [6930]  [27] 
|15 |  1 |  7 |  [0]  [0]  [0]  [27]  [100]  [6930]  [27]  [100] 
|16 |  1 |  8 |  [0]  [0]  [0]  [27]  [100]  [6930]  [1] 
|17 |  1 |  7 |  [0]  [0]  [0]  [27]  [100]  [6930]  [1] 
|18 |  1 |  7 |  [0]  [0]  [0]  [27]  [100]  [6930]  [1]  [27] 
|19 |  1 |  8 |  [0]  [0]  [0]  [27]  [100]  [6930]  [28] 
|20 |  1 |  7 |  [0]  [0]  [0]  [28]  [100]  [6930] 
|21 |  1 |  6 |  [0]  [0]  [0]  [28]  [100]  [6930] 
| 8 |  1 |  6 |  [0]  [0]  [0]  [28]  [100]  [6930]  [28] 
| 9 |  1 |  7 |  [0]  [0]  [0]  [28]  [100]  [6930]  [28]  [28] 
|10 |  1 |  8 |  [0]  [0]  [0]  [28]  [100]  [6930]  [784] 
|11 |  1 |  7 |  [0]  [0]  [0]  [28]  [100]  [6930]  [784]  [6930] 
|12 |  1 |  8 |  [0]  [0]  [0]  [28]  [100]  [6930]  [7714] 
|13 |  1 |  7 |  [0]  [0]  [0]  [28]  [100]  [7714] 
|14 |  1 |  6 |  [0]  [0]  [0]  [28]  [100]  [7714]  [28] 
|15 |  1 |  7 |  [0]  [0]  [0]  [28]  [100]  [7714]  [28]  [100] 
|16 |  1 |  8 |  [0]  [0]  [0]  [28]  [100]  [7714]  [1] 
|17 |  1 |  7 |  [0]  [0]  [0]  [28]  [100]  [7714]  [1] 
|18 |  1 |  7 |  [0]  [0]  [0]  [28]  [100]  [7714]  [1]  [28] 
|19 |  1 |  8 |  [0]  [0]  [0]  [28]  [100]  [7714]  [29] 
|20 |  1 |  7 |  [0]  [0]  [0]  [29]  [100]  [7714] 
|21 |  1 |  6 |  [0]  [0]  [0]  [29]  [100]  [7714] 
| 8 |  1 |  6 |  [0]  [0]  [0]  [29]  [100]  [7714]  [29] 
| 9 |  1 |  7 |  [0]  [0]  [0]  [29]  [100]  [7714]  [29]  [29] 
|10 |  1 |  8 |  [0]  [0]  [0]  [29]  [100]  [7714]  [841] 
|11 |  1 |  7 |  [0]  [0]  [0]  [29]  [100]  [7714]  [841]  [7714] 
|12 |  1 |  8 |  [0]  [0]  [0]  [29]  [100]  [7714]  [8555] 
|13 |  1 |  7 |  [0]  [0]  [0]  [29]  [100]  [8555] 
|14 |  1 |  6 |  [0]  [0]  [0]  [29]  [100]  [8555]  [29] 
|15 |  1 |  7 |  [0]  [0]  [0]  [29]  [100]  [8555]  [29]  [100] 
|16 |  1 |  8 |  [0]  [0]  [0]  [29]  [100]  [8555]  [1] 
|17 |  1 |  7 |  [0]  [0]  [0]  [29]  [100]  [8555]  [1] 
|18 |  1 |  7 |  [0]  [0]  [0]  [29]  [100]  [8555]  [1]  [29] 
|19 |  1 |  8 |  [0]  [0]  [0]  [29]  [100]  [8555]  [30] 
|20 |  1 |  7 |  [0]  [0]  [0]  [30]  [100]  [8555] 
|21 |  1 |  6 |  [0]  [0]  [0]  [30]  [100]  [8555] 
| 8 |  1 |  6 |  [0]  [0]  [0]  [30]  [100]  [8555]  [30] 
| 9 |  1 |  7 |  [0]  [0]  [0]  [30]  [100]  [8555]  [30]  [30] 
|10 |  1 |  8 |  [0]  [0]  [0]  [30]  [100]  [8555]  [900] 
|11 |  1 |  7 |  [0]  [0]  [0]  [30]  [100]  [8555]  [900]  [8555] 
|12 |  1 |  8 |  [0]  [0]  [0]  [30]  [100]  [8555]  [9455] 
|13 |  1 |  7 |  [0]  [0]  [0]  [30]  [100]  [9455] 
|14 |  1 |  6 |  [0]  [0]  [0]  [30]  [100]  [9455]  [30] 
|15 |  1 |  7 |  [0]  [0]  [0]  [30]  [100]  [9455]  [30]  [100] 
|16 |  1 |  8 |  [0]  [0]  [0]  [30]  [100]  [9455]  [1] 
|17 |  1 |  7 |  [0]  [0]  [0]  [30]  [100]  [9455]  [1] 
|18 |  1 |  7 |  [0]  [0]  [0]  [30]  [100]  [9455]  [1]  [30] 
|19 |  1 |  8 |  [0]  [0]  [0]  [30]  [100]  [9455]  [31] 
|20 |  1 |  7 |  [0]  [0]  [0]  [31]  [100]  [9455] 
|21 |  1 |  6 |  [0]  [0]  [0]  [31]  [100]  [9455] 
| 8 |  1 |  6 |  [0]  [0]  [0]  [31]  [100]  [9455]  [31] 
| 9 |  1 |  7 |  [0]  [0]  [0]  [31]  [100]  [9455]  [31]  [31] 
|10 |  1 |  8 |  [0]  [0]  [0]  [31]  [100]  [9455]  [961] 
|11 |  1 |  7 |  [0]  [0]  [0]  [31]  [100]  [9455]  [961]  [9455] 
|12 |  1 |  8 |  [0]  [0]  [0]  [31]  [100]  [9455]  [10416] 
|13 |  1 |  7 |  [0]  [0]  [0]  [31]  [100]  [10416] 
|14 |  1 |  6 |  [0]  [0]  [0]  [31]  [100]  [10416]  [31] 
|15 |  1 |  7 |  [0]  [0]  [0]  [31]  [100]  [10416]  [31]  [100] 
|16 |  1 |  8 |  [0]  [0]  [0]  [31]  [100]  [10416]  [1] 
|17 |  1 |  7 |  [0]  [0]  [0]  [31]  [100]  [10416]  [1] 
|18 |  1 |  7 |  [0]  [0]  [0]  [31]  [100]  [10416]  [1]  [31] 
|19 |  1 |  8 |  [0]  [0]  [0]  [31]  [100]  [10416]  [32] 
|20 |  1 |  7 |  [0]  [0]  [0]  [32]  [100]  [10416] 
|21 |  1 |  6 |  [0]  [0]  [0]  [32]  [100]  [10416] 
| 8 |  1 |  6 |  [0]  [0]  [0]  [32]  [100]  [10416]  [32] 
| 9 |  1 |  7 |  [0]  [0]  [0]  [32]  [100]  [10416]  [32]  [32] 
|10 |  1 |  8 |  [0]  [0]  [0]  [32]  [100]  [10416]  [1024] 
|11 |  1 |  7 |  [0]  [0]  [0]  [32]  [100]  [10416]  [1024]  [10416] 
|12 |  1 |  8 |  [0]  [0]  [0]  [32]  [100]  [10416]  [11440] 
|13 |  1 |  7 |  [0]  [0]  [0]  [32]  [100]  [11440] 
|14 |  1 |  6 |  [0]  [0]  [0]  [32]  [100]  [11440]  [32] 
|15 |  1 |  7 |  [0]  [0]  [0]  [32]  [100]  [11440]  [32]  [100] 
|16 |  1 |  8 |  [0]  [0]  [0]  [32]  [100]  [11440]  [1] 
|17 |  1 |  7 |  [0]  [0]  [0]  [32]  [100]  [11440]  [1] 
|18 |  1 |  7 |  [0]  [0]  [0]  [32]  [100]  [11440]  [1]  [32] 
|19 |  1 |  8 |  [0]  [0]  [0]  [32]  [100]  [11440]  [33] 
|20 |  1 |  7 |  [0]  [0]  [0]  [33]  [100]  [11440] 
|21 |  1 |  6 |  [0]  [0]  [0]  [33]  [100]  [11440] 
| 8 |  1 |  6 |  [0]  [0]  [0]  [33]  [100]  [11440]  [33] 
| 9 |  1 |  7 |  [0]  [0]  [0]  [33]  [100]  [11440]  [33]  [33] 
|10 |  1 |  8 |  [0]  [0]  [0]  [33]  [100]  [11440]  [1089] 
|11 |  1 |  7 |  [0]  [0]  [0]  [33]  [100]  [11440]  [1089]  [11440] 
|12 |  1 |  8 |  [0]  [0]  [0]  [33]  [100]  [11440]  [12529] 
|13 |  1 |  7 |  [0]  [0]  [0]  [33]  [100]  [12529] 
|14 |  1 |  6 |  [0]  [0]  [0]  [33]  [100]  [12529]  [33] 
|15 |  1 |  7 |  [0]  [0]  [0]  [33]  [100]  [12529]  [33]  [100] 
|16 |  1 |  8 |  [0]  [0]  [0]  [33]  [100]  [12529]  [1] 
|17 |  1 |  7 |  [0]  [0]  [0]  [33]  [100]  [12529]  [1] 
|18 |  1 |  7 |  [0]  [0]  [0]  [33]  [100]  [12529]  [1]  [33] 
|19 |  1 |  8 |  [0]  [0]  [0]  [33]  [100]  [12529]  [34] 
|20 |  1 |  7 |  [0]  [0]  [0]  [34]  [100]  [12529] 
|21 |  1 |  6 |  [0]  [0]  [0]  [34]  [100]  [12529] 
| 8 |  1 |  6 |  [0]  [0]  [0]  [34]  [100]  [12529]  [34] 
| 9 |  1 |  7 |  [0]  [0]  [0]  [34]  [100]  [12529]  [34]  [34] 
|10 |  1 |  8 |  [0]  [0]  [0]  [34]  [100]  [12529]  [1156] 
|11 |  1 |  7 |  [0]  [0]  [0]  [34]  [100]  [12529]  [1156]  [12529] 
|12 |  1 |  8 |  [0]  [0]  [0]  [34]  [100]  [12529]  [13685] 
|13 |  1 |  7 |  [0]  [0]  [0]  [34]  [100]  [13685] 
|14 |  1 |  6 |  [0]  [0]  [0]  [34]  [100]  [13685]  [34] 
|15 |  1 |  7 |  [0]  [0]  [0]  [34]  [100]  [13685]  [34]  [100] 
|16 |  1 |  8 |  [0]  [0]  [0]  [34]  [100]  [13685]  [1] 
|17 |  1 |  7 |  [0]  [0]  [0]  [34]  [100]  [13685]  [1] 
|18 |  1 |  7 |  [0]  [0]  [0]  [34]  [100]  [13685]  [1]  [34] 
|19 |  1 |  8 |  [0]  [0]  [0]  [34]  [100]  [13685]  [35] 
|20 |  1 |  7 |  [0]  [0]  [0]  [35]  [100]  [13685] 
|21 |  1 |  6 |  [0]  [0]  [0]  [35]  [100]  [13685] 
| 8 |  1 |  6 |  [0]  [0]  [0]  [35]  [100]  [13685]  [35] 
| 9 |  1 |  7 |  [0]  [0]  [0]  [35]  [100]  [13685]  [35]  [35] 
|10 |  1 |  8 |  [0]  [0]  [0]  [35]  [100]  [13685]  [1225] 
|11 |  1 |  7 |  [0]  [0]  [0]  [35]  [100]  [13685]  [1225]  [13685] 
|12 |  1 |  8 |  [0]  [0]  [0]  [35]  [100]  [13685]  [14910] 
|13 |  1 |  7 |  [0]  [0]  [0]  [35]  [100]  [14910] 
|14 |  1 |  6 |  [0]  [0]  [0]  [35]  [100]  [14910]  [35] 
|15 |  1 |  7 |  [0]  [0]  [0]  [35]  [100]  [14910]  [35]  [100] 
|16 |  1 |  8 |  [0]  [0]  [0]  [35]  [100]  [14910]  [1] 
|17 |  1 |  7 |  [0]  [0]  [0]  [35]  [100]  [14910]  [1] 
|18 |  1 |  7 |  [0]  [0]  [0]  [35]  [100]  [14910]  [1]  [35] 
|19 |  1 |  8 |  [0]  [0]  [0]  [35]  [100]  [14910]  [36] 
|20 |  1 |  7 |  [0]  [0]  [0]  [36]  [100]  [14910] 
|21 |  1 |  6 |  [0]  [0]  [0]  [36]  [100]  [14910] 
| 8 |  1 |  6 |  [0]  [0]  [0]  [36]  [100]  [14910]  [36] 
| 9 |  1 |  7 |  [0]  [0]  [0]  [36]  [100]  [14910]  [36]  [36] 
|10 |  1 |  8 |  [0]  [0]  [0]  [36]  [100]  [14910]  [1296] 
|11 |  1 |  7 |  [0]  [0]  [0]  [36]  [100]  [14910]  [1296]  [14910] 
|12 |  1 |  8 |  [0]  [0]  [0]  [36]  [100]  [14910]  [16206] 
|13 |  1 |  7 |  [0]  [0]  [0]  [36]  [100]  [16206] 
|14 |  1 |  6 |  [0]  [0]  [0]  [36]  [100]  [16206]  [36] 
|15 |  1 |  7 |  [0]  [0]  [0]  [36]  [100]  [16206]  [36]  [100] 
|16 |  1 |  8 |  [0]  [0]  [0]  [36]  [100]  [16206]  [1] 
|17 |  1 |  7 |  [0]  [0]  [0]  [36]  [100]  [16206]  [1] 
|18 |  1 |  7 |  [0]  [0]  [0]  [36]  [100]  [16206]  [1]  [36] 
|19 |  1 |  8 |  [0]  [0]  [0]  [36]  [100]  [16206]  [37] 
|20 |  1 |  7 |  [0]  [0]  [0]  [37]  [100]  [16206] 
|21 |  1 |  6 |  [0]  [0]  [0]  [37]  [100]  [16206] 
| 8 |  1 |  6 |  [0]  [0]  [0]  [37]  [100]  [16206]  [37] 
| 9 |  1 |  7 |  [0]  [0]  [0]  [37]  [100]  [16206]  [37]  [37] 
|10 |  1 |  8 |  [0]  [0]  [0]  [37]  [100]  [16206]  [1369] 
|11 |  1 |  7 |  [0]  [0]  [0]  [37]  [100]  [16206]  [1369]  [16206] 
|12 |  1 |  8 |  [0]  [0]  [0]  [37]  [100]  [16206]  [17575] 
|13 |  1 |  7 |  [0]  [0]  [0]  [37]  [100]  [17575] 
|14 |  1 |  6 |  [0]  [0]  [0]  [37]  [100]  [17575]  [37] 
|15 |  1 |  7 |  [0]  [0]  [0]  [37]  [100]  [17575]  [37]  [100] 
|16 |  1 |  8 |  [0]  [0]  [0]  [37]  [100]  [17575]  [1] 
|17 |  1 |  7 |  [0]  [0]  [0]  [37]  [100]  [17575]  [1] 
|18 |  1 |  7 |  [0]  [0]  [0]  [37]  [100]  [17575]  [1]  [37] 
|19 |  1 |  8 |  [0]  [0]  [0]  [37]  [100]  [17575]  [38] 
|20 |  1 |  7 |  [0]  [0]  [0]  [38]  [100]  [17575] 
|21 |  1 |  6 |  [0]  [0]  [0]  [38]  [100]  [17575] 
| 8 |  1 |  6 |  [0]  [0]  [0]  [38]  [100]  [17575]  [38] 
| 9 |  1 |  7 |  [0]  [0]  [0]  [38]  [100]  [17575]  [38]  [38] 
|10 |  1 |  8 |  [0]  [0]  [0]  [38]  [100]  [17575]  [1444] 
|11 |  1 |  7 |  [0]  [0]  [0]  [38]  [100]  [17575]  [1444]  [17575] 
|12 |  1 |  8 |  [0]  [0]  [0]  [38]  [100]  [17575]  [19019] 
|13 |  1 |  7 |  [0]  [0]  [0]  [38]  [100]  [19019] 
|14 |  1 |  6 |  [0]  [0]  [0]  [38]  [100]  [19019]  [38] 
|15 |  1 |  7 |  [0]  [0]  [0]  [38]  [100]  [19019]  [38]  [100] 
|16 |  1 |  8 |  [0]  [0]  [0]  [38]  [100]  [19019]  [1] 
|17 |  1 |  7 |  [0]  [0]  [0]  [38]  [100]  [19019]  [1] 
|18 |  1 |  7 |  [0]  [0]  [0]  [38]  [100]  [19019]  [1]  [38] 
|19 |  1 |  8 |  [0]  [0]  [0]  [38]  [100]  [19019]  [39] 
|20 |  1 |  7 |  [0]  [0]  [0]  [39]  [100]  [19019] 
|21 |  1 |  6 |  [0]  [0]  [0]  [39]  [100]  [19019] 
| 8 |  1 |  6 |  [0]  [0]  [0]  [39]  [100]  [19019]  [39] 
| 9 |  1 |  7 |  [0]  [0]  [0]  [39]  [100]  [19019]  [39]  [39] 
|10 |  1 |  8 |  [0]  [0]  [0]  [39]  [100]  [19019]  [1521] 
|11 |  1 |  7 |  [0]  [0]  [0]  [39]  [100]  [19019]  [1521]  [19019] 
|12 |  1 |  8 |  [0]  [0]  [0]  [39]  [100]  [19019]  [20540] 
|13 |  1 |  7 |  [0]  [0]  [0]  [39]  [100]  [20540] 
|14 |  1 |  6 |  [0]  [0]  [0]  [39]  [100]  [20540]  [39] 
|15 |  1 |  7 |  [0]  [0]  [0]  [39]  [100]  [20540]  [39]  [100] 
|16 |  1 |  8 |  [0]  [0]  [0]  [39]  [100]  [20540]  [1] 
|17 |  1 |  7 |  [0]  [0]  [0]  [39]  [100]  [20540]  [1] 
|18 |  1 |  7 |  [0]  [0]  [0]  [39]  [100]  [20540]  [1]  [39] 
|19 |  1 |  8 |  [0]  [0]  [0]  [39]  [100]  [20540]  [40] 
|20 |  1 |  7 |  [0]  [0]  [0]  [40]  [100]  [20540] 
|21 |  1 |  6 |  [0]  [0]  [0]  [40]  [100]  [20540] 
| 8 |  1 |  6 |  [0]  [0]  [0]  [40]  [100]  [20540]  [40] 
| 9 |  1 |  7 |  [0]  [0]  [0]  [40]  [100]  [20540]  [40]  [40] 
|10 |  1 |  8 |  [0]  [0]  [0]  [40]  [100]  [20540]  [1600] 
|11 |  1 |  7 |  [0]  [0]  [0]  [40]  [100]  [20540]  [1600]  [20540] 
|12 |  1 |  8 |  [0]  [0]  [0]  [40]  [100]  [20540]  [22140] 
|13 |  1 |  7 |  [0]  [0]  [0]  [40]  [100]  [22140] 
|14 |  1 |  6 |  [0]  [0]  [0]  [40]  [100]  [22140]  [40] 
|15 |  1 |  7 |  [0]  [0]  [0]  [40]  [100]  [22140]  [40]  [100] 
|16 |  1 |  8 |  [0]  [0]  [0]  [40]  [100]  [22140]  [1] 
|17 |  1 |  7 |  [0]  [0]  [0]  [40]  [100]  [22140]  [1] 
|18 |  1 |  7 |  [0]  [0]  [0]  [40]  [100]  [22140]  [1]  [40] 
|19 |  1 |  8 |  [0]  [0]  [0]  [40]  [100]  [22140]  [41] 
|20 |  1 |  7 |  [0]  [0]  [0]  [41]  [100]  [22140] 
|21 |  1 |  6 |  [0]  [0]  [0]  [41]  [100]  [22140] 
| 8 |  1 |  6 |  [0]  [0]  [0]  [41]  [100]  [22140]  [41] 
| 9 |  1 |  7 |  [0]  [0]  [0]  [41]  [100]  [22140]  [41]  [41] 
|10 |  1 |  8 |  [0]  [0]  [0]  [41]  [100]  [22140]  [1681] 
|11 |  1 |  7 |  [0]  [0]  [0]  [41]  [100]  [22140]  [1681]  [22140] 
|12 |  1 |  8 |  [0]  [0]  [0]  [41]  [100]  [22140]  [23821] 
|13 |  1 |  7 |  [0]  [0]  [0]  [41]  [100]  [23821] 
|14 |  1 |  6 |  [0]  [0]  [0]  [41]  [100]  [23821]  [41] 
|15 |  1 |  7 |  [0]  [0]  [0]  [41]  [100]  [23821]  [41]  [100] 
|16 |  1 |  8 |  [0]  [0]  [0]  [41]  [100]  [23821]  [1] 
|17 |  1 |  7 |  [0]  [0]  [0]  [41]  [100]  [23821]  [1] 
|18 |  1 |  7 |  [0]  [0]  [0]  [41]  [100]  [23821]  [1]  [41] 
|19 |  1 |  8 |  [0]  [0]  [0]  [41]  [100]  [23821]  [42] 
|20 |  1 |  7 |  [0]  [0]  [0]  [42]  [100]  [23821] 
|21 |  1 |  6 |  [0]  [0]  [0]  [42]  [100]  [23821] 
| 8 |  1 |  6 |  [0]  [0]  [0]  [42]  [100]  [23821]  [42] 
| 9 |  1 |  7 |  [0]  [0]  [0]  [42]  [100]  [23821]  [42]  [42] 
|10 |  1 |  8 |  [0]  [0]  [0]  [42]  [100]  [23821]  [1764] 
|11 |  1 |  7 |  [0]  [0]  [0]  [42]  [100]  [23821]  [1764]  [23821] 
|12 |  1 |  8 |  [0]  [0]  [0]  [42]  [100]  [23821]  [25585] 
|13 |  1 |  7 |  [0]  [0]  [0]  [42]  [100]  [25585] 
|14 |  1 |  6 |  [0]  [0]  [0]  [42]  [100]  [25585]  [42] 
|15 |  1 |  7 |  [0]  [0]  [0]  [42]  [100]  [25585]  [42]  [100] 
|16 |  1 |  8 |  [0]  [0]  [0]  [42]  [100]  [25585]  [1] 
|17 |  1 |  7 |  [0]  [0]  [0]  [42]  [100]  [25585]  [1] 
|18 |  1 |  7 |  [0]  [0]  [0]  [42]  [100]  [25585]  [1]  [42] 
|19 |  1 |  8 |  [0]  [0]  [0]  [42]  [100]  [25585]  [43] 
|20 |  1 |  7 |  [0]  [0]  [0]  [43]  [100]  [25585] 
|21 |  1 |  6 |  [0]  [0]  [0]  [43]  [100]  [25585] 
| 8 |  1 |  6 |  [0]  [0]  [0]  [43]  [100]  [25585]  [43] 
| 9 |  1 |  7 |  [0]  [0]  [0]  [43]  [100]  [25585]  [43]  [43] 
|10 |  1 |  8 |  [0]  [0]  [0]  [43]  [100]  [25585]  [1849] 
|11 |  1 |  7 |  [0]  [0]  [0]  [43]  [100]  [25585]  [1849]  [25585] 
|12 |  1 |  8 |  [0]  [0]  [0]  [43]  [100]  [25585]  [27434] 
|13 |  1 |  7 |  [0]  [0]  [0]  [43]  [100]  [27434] 
|14 |  1 |  6 |  [0]  [0]  [0]  [43]  [100]  [27434]  [43] 
|15 |  1 |  7 |  [0]  [0]  [0]  [43]  [100]  [27434]  [43]  [100] 
|16 |  1 |  8 |  [0]  [0]  [0]  [43]  [100]  [27434]  [1] 
|17 |  1 |  7 |  [0]  [0]  [0]  [43]  [100]  [27434]  [1] 
|18 |  1 |  7 |  [0]  [0]  [0]  [43]  [100]  [27434]  [1]  [43] 
|19 |  1 |  8 |  [0]  [0]  [0]  [43]  [100]  [27434]  [44] 
|20 |  1 |  7 |  [0]  [0]  [0]  [44]  [100]  [27434] 
|21 |  1 |  6 |  [0]  [0]  [0]  [44]  [100]  [27434] 
| 8 |  1 |  6 |  [0]  [0]  [0]  [44]  [100]  [27434]  [44] 
| 9 |  1 |  7 |  [0]  [0]  [0]  [44]  [100]  [27434]  [44]  [44] 
|10 |  1 |  8 |  [0]  [0]  [0]  [44]  [100]  [27434]  [1936] 
|11 |  1 |  7 |  [0]  [0]  [0]  [44]  [100]  [27434]  [1936]  [27434] 
|12 |  1 |  8 |  [0]  [0]  [0]  [44]  [100]  [27434]  [29370] 
|13 |  1 |  7 |  [0]  [0]  [0]  [44]  [100]  [29370] 
|14 |  1 |  6 |  [0]  [0]  [0]  [44]  [100]  [29370]  [44] 
|15 |  1 |  7 |  [0]  [0]  [0]  [44]  [100]  [29370]  [44]  [100] 
|16 |  1 |  8 |  [0]  [0]  [0]  [44]  [100]  [29370]  [1] 
|17 |  1 |  7 |  [0]  [0]  [0]  [44]  [100]  [29370]  [1] 
|18 |  1 |  7 |  [0]  [0]  [0]  [44]  [100]  [29370]  [1]  [44] 
|19 |  1 |  8 |  [0]  [0]  [0]  [44]  [100]  [29370]  [45] 
|20 |  1 |  7 |  [0]  [0]  [0]  [45]  [100]  [29370] 
|21 |  1 |  6 |  [0]  [0]  [0]  [45]  [100]  [29370] 
| 8 |  1 |  6 |  [0]  [0]  [0]  [45]  [100]  [29370]  [45] 
| 9 |  1 |  7 |  [0]  [0]  [0]  [45]  [100]  [29370]  [45]  [45] 
|10 |  1 |  8 |  [0]  [0]  [0]  [45]  [100]  [29370]  [2025] 
|11 |  1 |  7 |  [0]  [0]  [0]  [45]  [100]  [29370]  [2025]  [29370] 
|12 |  1 |  8 |  [0]  [0]  [0]  [45]  [100]  [29370]  [31395] 
|13 |  1 |  7 |  [0]  [0]  [0]  [45]  [100]  [31395] 
|14 |  1 |  6 |  [0]  [0]  [0]  [45]  [100]  [31395]  [45] 
|15 |  1 |  7 |  [0]  [0]  [0]  [45]  [100]  [31395]  [45]  [100] 
|16 |  1 |  8 |  [0]  [0]  [0]  [45]  [100]  [31395]  [1] 
|17 |  1 |  7 |  [0]  [0]  [0]  [45]  [100]  [31395]  [1] 
|18 |  1 |  7 |  [0]  [0]  [0]  [45]  [100]  [31395]  [1]  [45] 
|19 |  1 |  8 |  [0]  [0]  [0]  [45]  [100]  [31395]  [46] 
|20 |  1 |  7 |  [0]  [0]  [0]  [46]  [100]  [31395] 
|21 |  1 |  6 |  [0]  [0]  [0]  [46]  [100]  [31395] 
| 8 |  1 |  6 |  [0]  [0]  [0]  [46]  [100]  [31395]  [46] 
| 9 |  1 |  7 |  [0]  [0]  [0]  [46]  [100]  [31395]  [46]  [46] 
|10 |  1 |  8 |  [0]  [0]  [0]  [46]  [100]  [31395]  [2116] 
|11 |  1 |  7 |  [0]  [0]  [0]  [46]  [100]  [31395]  [2116]  [31395] 
|12 |  1 |  8 |  [0]  [0]  [0]  [46]  [100]  [31395]  [33511] 
|13 |  1 |  7 |  [0]  [0]  [0]  [46]  [100]  [33511] 
|14 |  1 |  6 |  [0]  [0]  [0]  [46]  [100]  [33511]  [46] 
|15 |  1 |  7 |  [0]  [0]  [0]  [46]  [100]  [33511]  [46]  [100] 
|16 |  1 |  8 |  [0]  [0]  [0]  [46]  [100]  [33511]  [1] 
|17 |  1 |  7 |  [0]  [0]  [0]  [46]  [100]  [33511]  [1] 
|18 |  1 |  7 |  [0]  [0]  [0]  [46]  [100]  [33511]  [1]  [46] 
|19 |  1 |  8 |  [0]  [0]  [0]  [46]  [100]  [33511]  [47] 
|20 |  1 |  7 |  [0]  [0]  [0]  [47]  [100]  [33511] 
|21 |  1 |  6 |  [0]  [0]  [0]  [47]  [100]  [33511] 
| 8 |  1 |  6 |  [0]  [0]  [0]  [47]  [100]  [33511]  [47] 
| 9 |  1 |  7 |  [0]  [0]  [0]  [47]  [100]  [33511]  [47]  [47] 
|10 |  1 |  8 |  [0]  [0]  [0]  [47]  [100]  [33511]  [2209] 
|11 |  1 |  7 |  [0]  [0]  [0]  [47]  [100]  [33511]  [2209]  [33511] 
|12 |  1 |  8 |  [0]  [0]  [0]  [47]  [100]  [33511]  [35720] 
|13 |  1 |  7 |  [0]  [0]  [0]  [47]  [100]  [35720] 
|14 |  1 |  6 |  [0]  [0]  [0]  [47]  [100]  [35720]  [47] 
|15 |  1 |  7 |  [0]  [0]  [0]  [47]  [100]  [35720]  [47]  [100] 
|16 |  1 |  8 |  [0]  [0]  [0]  [47]  [100]  [35720]  [1] 
|17 |  1 |  7 |  [0]  [0]  [0]  [47]  [100]  [35720]  [1] 
|18 |  1 |  7 |  [0]  [0]  [0]  [47]  [100]  [35720]  [1]  [47] 
|19 |  1 |  8 |  [0]  [0]  [0]  [47]  [100]  [35720]  [48] 
|20 |  1 |  7 |  [0]  [0]  [0]  [48]  [100]  [35720] 
|21 |  1 |  6 |  [0]  [0]  [0]  [48]  [100]  [35720] 
| 8 |  1 |  6 |  [0]  [0]  [0]  [48]  [100]  [35720]  [48] 
| 9 |  1 |  7 |  [0]  [0]  [0]  [48]  [100]  [35720]  [48]  [48] 
|10 |  1 |  8 |  [0]  [0]  [0]  [48]  [100]  [35720]  [2304] 
|11 |  1 |  7 |  [0]  [0]  [0]  [48]  [100]  [35720]  [2304]  [35720] 
|12 |  1 |  8 |  [0]  [0]  [0]  [48]  [100]  [35720]  [38024] 
|13 |  1 |  7 |  [0]  [0]  [0]  [48]  [100]  [38024] 
|14 |  1 |  6 |  [0]  [0]  [0]  [48]  [100]  [38024]  [48] 
|15 |  1 |  7 |  [0]  [0]  [0]  [48]  [100]  [38024]  [48]  [100] 
|16 |  1 |  8 |  [0]  [0]  [0]  [48]  [100]  [38024]  [1] 
|17 |  1 |  7 |  [0]  [0]  [0]  [48]  [100]  [38024]  [1] 
|18 |  1 |  7 |  [0]  [0]  [0]  [48]  [100]  [38024]  [1]  [48] 
|19 |  1 |  8 |  [0]  [0]  [0]  [48]  [100]  [38024]  [49] 
|20 |  1 |  7 |  [0]  [0]  [0]  [49]  [100]  [38024] 
|21 |  1 |  6 |  [0]  [0]  [0]  [49]  [100]  [38024] 
| 8 |  1 |  6 |  [0]  [0]  [0]  [49]  [100]  [38024]  [49] 
| 9 |  1 |  7 |  [0]  [0]  [0]  [49]  [100]  [38024]  [49]  [49] 
|10 |  1 |  8 |  [0]  [0]  [0]  [49]  [100]  [38024]  [2401] 
|11 |  1 |  7 |  [0]  [0]  [0]  [49]  [100]  [38024]  [2401]  [38024] 
|12 |  1 |  8 |  [0]  [0]  [0]  [49]  [100]  [38024]  [40425] 
|13 |  1 |  7 |  [0]  [0]  [0]  [49]  [100]  [40425] 
|14 |  1 |  6 |  [0]  [0]  [0]  [49]  [100]  [40425]  [49] 
|15 |  1 |  7 |  [0]  [0]  [0]  [49]  [100]  [40425]  [49]  [100] 
|16 |  1 |  8 |  [0]  [0]  [0]  [49]  [100]  [40425]  [1] 
|17 |  1 |  7 |  [0]  [0]  [0]  [49]  [100]  [40425]  [1] 
|18 |  1 |  7 |  [0]  [0]  [0]  [49]  [100]  [40425]  [1]  [49] 
|19 |  1 |  8 |  [0]  [0]  [0]  [49]  [100]  [40425]  [50] 
|20 |  1 |  7 |  [0]  [0]  [0]  [50]  [100]  [40425] 
|21 |  1 |  6 |  [0]  [0]  [0]  [50]  [100]  [40425] 
| 8 |  1 |  6 |  [0]  [0]  [0]  [50]  [100]  [40425]  [50] 
| 9 |  1 |  7 |  [0]  [0]  [0]  [50]  [100]  [40425]  [50]  [50] 
|10 |  1 |  8 |  [0]  [0]  [0]  [50]  [100]  [40425]  [2500] 
|11 |  1 |  7 |  [0]  [0]  [0]  [50]  [100]  [40425]  [2500]  [40425] 
|12 |  1 |  8 |  [0]  [0]  [0]  [50]  [100]  [40425]  [42925] 
|13 |  1 |  7 |  [0]  [0]  [0]  [50]  [100]  [42925] 
|14 |  1 |  6 |  [0]  [0]  [0]  [50]  [100]  [42925]  [50] 
|15 |  1 |  7 |  [0]  [0]  [0]  [50]  [100]  [42925]  [50]  [100] 
|16 |  1 |  8 |  [0]  [0]  [0]  [50]  [100]  [42925]  [1] 
|17 |  1 |  7 |  [0]  [0]  [0]  [50]  [100]  [42925]  [1] 
|18 |  1 |  7 |  [0]  [0]  [0]  [50]  [100]  [42925]  [1]  [50] 
|19 |  1 |  8 |  [0]  [0]  [0]  [50]  [100]  [42925]  [51] 
|20 |  1 |  7 |  [0]  [0]  [0]  [51]  [100]  [42925] 
|21 |  1 |  6 |  [0]  [0]  [0]  [51]  [100]  [42925] 
| 8 |  1 |  6 |  [0]  [0]  [0]  [51]  [100]  [42925]  [51] 
| 9 |  1 |  7 |  [0]  [0]  [0]  [51]  [100]  [42925]  [51]  [51] 
|10 |  1 |  8 |  [0]  [0]  [0]  [51]  [100]  [42925]  [2601] 
|11 |  1 |  7 |  [0]  [0]  [0]  [51]  [100]  [42925]  [2601]  [42925] 
|12 |  1 |  8 |  [0]  [0]  [0]  [51]  [100]  [42925]  [45526] 
|13 |  1 |  7 |  [0]  [0]  [0]  [51]  [100]  [45526] 
|14 |  1 |  6 |  [0]  [0]  [0]  [51]  [100]  [45526]  [51] 
|15 |  1 |  7 |  [0]  [0]  [0]  [51]  [100]  [45526]  [51]  [100] 
|16 |  1 |  8 |  [0]  [0]  [0]  [51]  [100]  [45526]  [1] 
|17 |  1 |  7 |  [0]  [0]  [0]  [51]  [100]  [45526]  [1] 
|18 |  1 |  7 |  [0]  [0]  [0]  [51]  [100]  [45526]  [1]  [51] 
|19 |  1 |  8 |  [0]  [0]  [0]  [51]  [100]  [45526]  [52] 
|20 |  1 |  7 |  [0]  [0]  [0]  [52]  [100]  [45526] 
|21 |  1 |  6 |  [0]  [0]  [0]  [52]  [100]  [45526] 
| 8 |  1 |  6 |  [0]  [0]  [0]  [52]  [100]  [45526]  [52] 
| 9 |  1 |  7 |  [0]  [0]  [0]  [52]  [100]  [45526]  [52]  [52] 
|10 |  1 |  8 |  [0]  [0]  [0]  [52]  [100]  [45526]  [2704] 
|11 |  1 |  7 |  [0]  [0]  [0]  [52]  [100]  [45526]  [2704]  [45526] 
|12 |  1 |  8 |  [0]  [0]  [0]  [52]  [100]  [45526]  [48230] 
|13 |  1 |  7 |  [0]  [0]  [0]  [52]  [100]  [48230] 
|14 |  1 |  6 |  [0]  [0]  [0]  [52]  [100]  [48230]  [52] 
|15 |  1 |  7 |  [0]  [0]  [0]  [52]  [100]  [48230]  [52]  [100] 
|16 |  1 |  8 |  [0]  [0]  [0]  [52]  [100]  [48230]  [1] 
|17 |  1 |  7 |  [0]  [0]  [0]  [52]  [100]  [48230]  [1] 
|18 |  1 |  7 |  [0]  [0]  [0]  [52]  [100]  [48230]  [1]  [52] 
|19 |  1 |  8 |  [0]  [0]  [0]  [52]  [100]  [48230]  [53] 
|20 |  1 |  7 |  [0]  [0]  [0]  [53]  [100]  [48230] 
|21 |  1 |  6 |  [0]  [0]  [0]  [53]  [100]  [48230] 
| 8 |  1 |  6 |  [0]  [0]  [0]  [53]  [100]  [48230]  [53] 
| 9 |  1 |  7 |  [0]  [0]  [0]  [53]  [100]  [48230]  [53]  [53] 
|10 |  1 |  8 |  [0]  [0]  [0]  [53]  [100]  [48230]  [2809] 
|11 |  1 |  7 |  [0]  [0]  [0]  [53]  [100]  [48230]  [2809]  [48230] 
|12 |  1 |  8 |  [0]  [0]  [0]  [53]  [100]  [48230]  [51039] 
|13 |  1 |  7 |  [0]  [0]  [0]  [53]  [100]  [51039] 
|14 |  1 |  6 |  [0]  [0]  [0]  [53]  [100]  [51039]  [53] 
|15 |  1 |  7 |  [0]  [0]  [0]  [53]  [100]  [51039]  [53]  [100] 
|16 |  1 |  8 |  [0]  [0]  [0]  [53]  [100]  [51039]  [1] 
|17 |  1 |  7 |  [0]  [0]  [0]  [53]  [100]  [51039]  [1] 
|18 |  1 |  7 |  [0]  [0]  [0]  [53]  [100]  [51039]  [1]  [53] 
|19 |  1 |  8 |  [0]  [0]  [0]  [53]  [100]  [51039]  [54] 
|20 |  1 |  7 |  [0]  [0]  [0]  [54]  [100]  [51039] 
|21 |  1 |  6 |  [0]  [0]  [0]  [54]  [100]  [51039] 
| 8 |  1 |  6 |  [0]  [0]  [0]  [54]  [100]  [51039]  [54] 
| 9 |  1 |  7 |  [0]  [0]  [0]  [54]  [100]  [51039]  [54]  [54] 
|10 |  1 |  8 |  [0]  [0]  [0]  [54]  [100]  [51039]  [2916] 
|11 |  1 |  7 |  [0]  [0]  [0]  [54]  [100]  [51039]  [2916]  [51039] 
|12 |  1 |  8 |  [0]  [0]  [0]  [54]  [100]  [51039]  [53955] 
|13 |  1 |  7 |  [0]  [0]  [0]  [54]  [100]  [53955] 
|14 |  1 |  6 |  [0]  [0]  [0]  [54]  [100]  [53955]  [54] 
|15 |  1 |  7 |  [0]  [0]  [0]  [54]  [100]  [53955]  [54]  [100] 
|16 |  1 |  8 |  [0]  [0]  [0]  [54]  [100]  [53955]  [1] 
|17 |  1 |  7 |  [0]  [0]  [0]  [54]  [100]  [53955]  [1] 
|18 |  1 |  7 |  [0]  [0]  [0]  [54]  [100]  [53955]  [1]  [54] 
|19 |  1 |  8 |  [0]  [0]  [0]  [54]  [100]  [53955]  [55] 
|20 |  1 |  7 |  [0]  [0]  [0]  [55]  [100]  [53955] 
|21 |  1 |  6 |  [0]  [0]  [0]  [55]  [100]  [53955] 
| 8 |  1 |  6 |  [0]  [0]  [0]  [55]  [100]  [53955]  [55] 
| 9 |  1 |  7 |  [0]  [0]  [0]  [55]  [100]  [53955]  [55]  [55] 
|10 |  1 |  8 |  [0]  [0]  [0]  [55]  [100]  [53955]  [3025] 
|11 |  1 |  7 |  [0]  [0]  [0]  [55]  [100]  [53955]  [3025]  [53955] 
|12 |  1 |  8 |  [0]  [0]  [0]  [55]  [100]  [53955]  [56980] 
|13 |  1 |  7 |  [0]  [0]  [0]  [55]  [100]  [56980] 
|14 |  1 |  6 |  [0]  [0]  [0]  [55]  [100]  [56980]  [55] 
|15 |  1 |  7 |  [0]  [0]  [0]  [55]  [100]  [56980]  [55]  [100] 
|16 |  1 |  8 |  [0]  [0]  [0]  [55]  [100]  [56980]  [1] 
|17 |  1 |  7 |  [0]  [0]  [0]  [55]  [100]  [56980]  [1] 
|18 |  1 |  7 |  [0]  [0]  [0]  [55]  [100]  [56980]  [1]  [55] 
|19 |  1 |  8 |  [0]  [0]  [0]  [55]  [100]  [56980]  [56] 
|20 |  1 |  7 |  [0]  [0]  [0]  [56]  [100]  [56980] 
|21 |  1 |  6 |  [0]  [0]  [0]  [56]  [100]  [56980] 
| 8 |  1 |  6 |  [0]  [0]  [0]  [56]  [100]  [56980]  [56] 
| 9 |  1 |  7 |  [0]  [0]  [0]  [56]  [100]  [56980]  [56]  [56] 
|10 |  1 |  8 |  [0]  [0]  [0]  [56]  [100]  [56980]  [3136] 
|11 |  1 |  7 |  [0]  [0]  [0]  [56]  [100]  [56980]  [3136]  [56980] 
|12 |  1 |  8 |  [0]  [0]  [0]  [56]  [100]  [56980]  [60116] 
|13 |  1 |  7 |  [0]  [0]  [0]  [56]  [100]  [60116] 
|14 |  1 |  6 |  [0]  [0]  [0]  [56]  [100]  [60116]  [56] 
|15 |  1 |  7 |  [0]  [0]  [0]  [56]  [100]  [60116]  [56]  [100] 
|16 |  1 |  8 |  [0]  [0]  [0]  [56]  [100]  [60116]  [1] 
|17 |  1 |  7 |  [0]  [0]  [0]  [56]  [100]  [60116]  [1] 
|18 |  1 |  7 |  [0]  [0]  [0]  [56]  [100]  [60116]  [1]  [56] 
|19 |  1 |  8 |  [0]  [0]  [0]  [56]  [100]  [60116]  [57] 
|20 |  1 |  7 |  [0]  [0]  [0]  [57]  [100]  [60116] 
|21 |  1 |  6 |  [0]  [0]  [0]  [57]  [100]  [60116] 
| 8 |  1 |  6 |  [0]  [0]  [0]  [57]  [100]  [60116]  [57] 
| 9 |  1 |  7 |  [0]  [0]  [0]  [57]  [100]  [60116]  [57]  [57] 
|10 |  1 |  8 |  [0]  [0]  [0]  [57]  [100]  [60116]  [3249] 
|11 |  1 |  7 |  [0]  [0]  [0]  [57]  [100]  [60116]  [3249]  [60116] 
|12 |  1 |  8 |  [0]  [0]  [0]  [57]  [100]  [60116]  [63365] 
|13 |  1 |  7 |  [0]  [0]  [0]  [57]  [100]  [63365] 
|14 |  1 |  6 |  [0]  [0]  [0]  [57]  [100]  [63365]  [57] 
|15 |  1 |  7 |  [0]  [0]  [0]  [57]  [100]  [63365]  [57]  [100] 
|16 |  1 |  8 |  [0]  [0]  [0]  [57]  [100]  [63365]  [1] 
|17 |  1 |  7 |  [0]  [0]  [0]  [57]  [100]  [63365]  [1] 
|18 |  1 |  7 |  [0]  [0]  [0]  [57]  [100]  [63365]  [1]  [57] 
|19 |  1 |  8 |  [0]  [0]  [0]  [57]  [100]  [63365]  [58] 
|20 |  1 |  7 |  [0]  [0]  [0]  [58]  [100]  [63365] 
|21 |  1 |  6 |  [0]  [0]  [0]  [58]  [100]  [63365] 
| 8 |  1 |  6 |  [0]  [0]  [0]  [58]  [100]  [63365]  [58] 
| 9 |  1 |  7 |  [0]  [0]  [0]  [58]  [100]  [63365]  [58]  [58] 
|10 |  1 |  8 |  [0]  [0]  [0]  [58]  [100]  [63365]  [3364] 
|11 |  1 |  7 |  [0]  [0]  [0]  [58]  [100]  [63365]  [3364]  [63365] 
|12 |  1 |  8 |  [0]  [0]  [0]  [58]  [100]  [63365]  [66729] 
|13 |  1 |  7 |  [0]  [0]  [0]  [58]  [100]  [66729] 
|14 |  1 |  6 |  [0]  [0]  [0]  [58]  [100]  [66729]  [58] 
|15 |  1 |  7 |  [0]  [0]  [0]  [58]  [100]  [66729]  [58]  [100] 
|16 |  1 |  8 |  [0]  [0]  [0]  [58]  [100]  [66729]  [1] 
|17 |  1 |  7 |  [0]  [0]  [0]  [58]  [100]  [66729]  [1] 
|18 |  1 |  7 |  [0]  [0]  [0]  [58]  [100]  [66729]  [1]  [58] 
|19 |  1 |  8 |  [0]  [0]  [0]  [58]  [100]  [66729]  [59] 
|20 |  1 |  7 |  [0]  [0]  [0]  [59]  [100]  [66729] 
|21 |  1 |  6 |  [0]  [0]  [0]  [59]  [100]  [66729] 
| 8 |  1 |  6 |  [0]  [0]  [0]  [59]  [100]  [66729]  [59] 
| 9 |  1 |  7 |  [0]  [0]  [0]  [59]  [100]  [66729]  [59]  [59] 
|10 |  1 |  8 |  [0]  [0]  [0]  [59]  [100]  [66729]  [3481] 
|11 |  1 |  7 |  [0]  [0]  [0]  [59]  [100]  [66729]  [3481]  [66729] 
|12 |  1 |  8 |  [0]  [0]  [0]  [59]  [100]  [66729]  [70210] 
|13 |  1 |  7 |  [0]  [0]  [0]  [59]  [100]  [70210] 
|14 |  1 |  6 |  [0]  [0]  [0]  [59]  [100]  [70210]  [59] 
|15 |  1 |  7 |  [0]  [0]  [0]  [59]  [100]  [70210]  [59]  [100] 
|16 |  1 |  8 |  [0]  [0]  [0]  [59]  [100]  [70210]  [1] 
|17 |  1 |  7 |  [0]  [0]  [0]  [59]  [100]  [70210]  [1] 
|18 |  1 |  7 |  [0]  [0]  [0]  [59]  [100]  [70210]  [1]  [59] 
|19 |  1 |  8 |  [0]  [0]  [0]  [59]  [100]  [70210]  [60] 
|20 |  1 |  7 |  [0]  [0]  [0]  [60]  [100]  [70210] 
|21 |  1 |  6 |  [0]  [0]  [0]  [60]  [100]  [70210] 
| 8 |  1 |  6 |  [0]  [0]  [0]  [60]  [100]  [70210]  [60] 
| 9 |  1 |  7 |  [0]  [0]  [0]  [60]  [100]  [70210]  [60]  [60] 
|10 |  1 |  8 |  [0]  [0]  [0]  [60]  [100]  [70210]  [3600] 
|11 |  1 |  7 |  [0]  [0]  [0]  [60]  [100]  [70210]  [3600]  [70210] 
|12 |  1 |  8 |  [0]  [0]  [0]  [60]  [100]  [70210]  [73810] 
|13 |  1 |  7 |  [0]  [0]  [0]  [60]  [100]  [73810] 
|14 |  1 |  6 |  [0]  [0]  [0]  [60]  [100]  [73810]  [60] 
|15 |  1 |  7 |  [0]  [0]  [0]  [60]  [100]  [73810]  [60]  [100] 
|16 |  1 |  8 |  [0]  [0]  [0]  [60]  [100]  [73810]  [1] 
|17 |  1 |  7 |  [0]  [0]  [0]  [60]  [100]  [73810]  [1] 
|18 |  1 |  7 |  [0]  [0]  [0]  [60]  [100]  [73810]  [1]  [60] 
|19 |  1 |  8 |  [0]  [0]  [0]  [60]  [100]  [73810]  [61] 
|20 |  1 |  7 |  [0]  [0]  [0]  [61]  [100]  [73810] 
|21 |  1 |  6 |  [0]  [0]  [0]  [61]  [100]  [73810] 
| 8 |  1 |  6 |  [0]  [0]  [0]  [61]  [100]  [73810]  [61] 
| 9 |  1 |  7 |  [0]  [0]  [0]  [61]  [100]  [73810]  [61]  [61] 
|10 |  1 |  8 |  [0]  [0]  [0]  [61]  [100]  [73810]  [3721] 
|11 |  1 |  7 |  [0]  [0]  [0]  [61]  [100]  [73810]  [3721]  [73810] 
|12 |  1 |  8 |  [0]  [0]  [0]  [61]  [100]  [73810]  [77531] 
|13 |  1 |  7 |  [0]  [0]  [0]  [61]  [100]  [77531] 
|14 |  1 |  6 |  [0]  [0]  [0]  [61]  [100]  [77531]  [61] 
|15 |  1 |  7 |  [0]  [0]  [0]  [61]  [100]  [77531]  [61]  [100] 
|16 |  1 |  8 |  [0]  [0]  [0]  [61]  [100]  [77531]  [1] 
|17 |  1 |  7 |  [0]  [0]  [0]  [61]  [100]  [77531]  [1] 
|18 |  1 |  7 |  [0]  [0]  [0]  [61]  [100]  [77531]  [1]  [61] 
|19 |  1 |  8 |  [0]  [0]  [0]  [61]  [100]  [77531]  [62] 
|20 |  1 |  7 |  [0]  [0]  [0]  [62]  [100]  [77531] 
|21 |  1 |  6 |  [0]  [0]  [0]  [62]  [100]  [77531] 
| 8 |  1 |  6 |  [0]  [0]  [0]  [62]  [100]  [77531]  [62] 
| 9 |  1 |  7 |  [0]  [0]  [0]  [62]  [100]  [77531]  [62]  [62] 
|10 |  1 |  8 |  [0]  [0]  [0]  [62]  [100]  [77531]  [3844] 
|11 |  1 |  7 |  [0]  [0]  [0]  [62]  [100]  [77531]  [3844]  [77531] 
|12 |  1 |  8 |  [0]  [0]  [0]  [62]  [100]  [77531]  [81375] 
|13 |  1 |  7 |  [0]  [0]  [0]  [62]  [100]  [81375] 
|14 |  1 |  6 |  [0]  [0]  [0]  [62]  [100]  [81375]  [62] 
|15 |  1 |  7 |  [0]  [0]  [0]  [62]  [100]  [81375]  [62]  [100] 
|16 |  1 |  8 |  [0]  [0]  [0]  [62]  [100]  [81375]  [1] 
|17 |  1 |  7 |  [0]  [0]  [0]  [62]  [100]  [81375]  [1] 
|18 |  1 |  7 |  [0]  [0]  [0]  [62]  [100]  [81375]  [1]  [62] 
|19 |  1 |  8 |  [0]  [0]  [0]  [62]  [100]  [81375]  [63] 
|20 |  1 |  7 |  [0]  [0]  [0]  [63]  [100]  [81375] 
|21 |  1 |  6 |  [0]  [0]  [0]  [63]  [100]  [81375] 
| 8 |  1 |  6 |  [0]  [0]  [0]  [63]  [100]  [81375]  [63] 
| 9 |  1 |  7 |  [0]  [0]  [0]  [63]  [100]  [81375]  [63]  [63] 
|10 |  1 |  8 |  [0]  [0]  [0]  [63]  [100]  [81375]  [3969] 
|11 |  1 |  7 |  [0]  [0]  [0]  [63]  [100]  [81375]  [3969]  [81375] 
|12 |  1 |  8 |  [0]  [0]  [0]  [63]  [100]  [81375]  [85344] 
|13 |  1 |  7 |  [0]  [0]  [0]  [63]  [100]  [85344] 
|14 |  1 |  6 |  [0]  [0]  [0]  [63]  [100]  [85344]  [63] 
|15 |  1 |  7 |  [0]  [0]  [0]  [63]  [100]  [85344]  [63]  [100] 
|16 |  1 |  8 |  [0]  [0]  [0]  [63]  [100]  [85344]  [1] 
|17 |  1 |  7 |  [0]  [0]  [0]  [63]  [100]  [85344]  [1] 
|18 |  1 |  7 |  [0]  [0]  [0]  [63]  [100]  [85344]  [1]  [63] 
|19 |  1 |  8 |  [0]  [0]  [0]  [63]  [100]  [85344]  [64] 
|20 |  1 |  7 |  [0]  [0]  [0]  [64]  [100]  [85344] 
|21 |  1 |  6 |  [0]  [0]  [0]  [64]  [100]  [85344] 
| 8 |  1 |  6 |  [0]  [0]  [0]  [64]  [100]  [85344]  [64] 
| 9 |  1 |  7 |  [0]  [0]  [0]  [64]  [100]  [85344]  [64]  [64] 
|10 |  1 |  8 |  [0]  [0]  [0]  [64]  [100]  [85344]  [4096] 
|11 |  1 |  7 |  [0]  [0]  [0]  [64]  [100]  [85344]  [4096]  [85344] 
|12 |  1 |  8 |  [0]  [0]  [0]  [64]  [100]  [85344]  [89440] 
|13 |  1 |  7 |  [0]  [0]  [0]  [64]  [100]  [89440] 
|14 |  1 |  6 |  [0]  [0]  [0]  [64]  [100]  [89440]  [64] 
|15 |  1 |  7 |  [0]  [0]  [0]  [64]  [100]  [89440]  [64]  [100] 
|16 |  1 |  8 |  [0]  [0]  [0]  [64]  [100]  [89440]  [1] 
|17 |  1 |  7 |  [0]  [0]  [0]  [64]  [100]  [89440]  [1] 
|18 |  1 |  7 |  [0]  [0]  [0]  [64]  [100]  [89440]  [1]  [64] 
|19 |  1 |  8 |  [0]  [0]  [0]  [64]  [100]  [89440]  [65] 
|20 |  1 |  7 |  [0]  [0]  [0]  [65]  [100]  [89440] 
|21 |  1 |  6 |  [0]  [0]  [0]  [65]  [100]  [89440] 
| 8 |  1 |  6 |  [0]  [0]  [0]  [65]  [100]  [89440]  [65] 
| 9 |  1 |  7 |  [0]  [0]  [0]  [65]  [100]  [89440]  [65]  [65] 
|10 |  1 |  8 |  [0]  [0]  [0]  [65]  [100]  [89440]  [4225] 
|11 |  1 |  7 |  [0]  [0]  [0]  [65]  [100]  [89440]  [4225]  [89440] 
|12 |  1 |  8 |  [0]  [0]  [0]  [65]  [100]  [89440]  [93665] 
|13 |  1 |  7 |  [0]  [0]  [0]  [65]  [100]  [93665] 
|14 |  1 |  6 |  [0]  [0]  [0]  [65]  [100]  [93665]  [65] 
|15 |  1 |  7 |  [0]  [0]  [0]  [65]  [100]  [93665]  [65]  [100] 
|16 |  1 |  8 |  [0]  [0]  [0]  [65]  [100]  [93665]  [1] 
|17 |  1 |  7 |  [0]  [0]  [0]  [65]  [100]  [93665]  [1] 
|18 |  1 |  7 |  [0]  [0]  [0]  [65]  [100]  [93665]  [1]  [65] 
|19 |  1 |  8 |  [0]  [0]  [0]  [65]  [100]  [93665]  [66] 
|20 |  1 |  7 |  [0]  [0]  [0]  [66]  [100]  [93665] 
|21 |  1 |  6 |  [0]  [0]  [0]  [66]  [100]  [93665] 
| 8 |  1 |  6 |  [0]  [0]  [0]  [66]  [100]  [93665]  [66] 
| 9 |  1 |  7 |  [0]  [0]  [0]  [66]  [100]  [93665]  [66]  [66] 
|10 |  1 |  8 |  [0]  [0]  [0]  [66]  [100]  [93665]  [4356] 
|11 |  1 |  7 |  [0]  [0]  [0]  [66]  [100]  [93665]  [4356]  [93665] 
|12 |  1 |  8 |  [0]  [0]  [0]  [66]  [100]  [93665]  [98021] 
|13 |  1 |  7 |  [0]  [0]  [0]  [66]  [100]  [98021] 
|14 |  1 |  6 |  [0]  [0]  [0]  [66]  [100]  [98021]  [66] 
|15 |  1 |  7 |  [0]  [0]  [0]  [66]  [100]  [98021]  [66]  [100] 
|16 |  1 |  8 |  [0]  [0]  [0]  [66]  [100]  [98021]  [1] 
|17 |  1 |  7 |  [0]  [0]  [0]  [66]  [100]  [98021]  [1] 
|18 |  1 |  7 |  [0]  [0]  [0]  [66]  [100]  [98021]  [1]  [66] 
|19 |  1 |  8 |  [0]  [0]  [0]  [66]  [100]  [98021]  [67] 
|20 |  1 |  7 |  [0]  [0]  [0]  [67]  [100]  [98021] 
|21 |  1 |  6 |  [0]  [0]  [0]  [67]  [100]  [98021] 
| 8 |  1 |  6 |  [0]  [0]  [0]  [67]  [100]  [98021]  [67] 
| 9 |  1 |  7 |  [0]  [0]  [0]  [67]  [100]  [98021]  [67]  [67] 
|10 |  1 |  8 |  [0]  [0]  [0]  [67]  [100]  [98021]  [4489] 
|11 |  1 |  7 |  [0]  [0]  [0]  [67]  [100]  [98021]  [4489]  [98021] 
|12 |  1 |  8 |  [0]  [0]  [0]  [67]  [100]  [98021]  [102510] 
|13 |  1 |  7 |  [0]  [0]  [0]  [67]  [100]  [102510] 
|14 |  1 |  6 |  [0]  [0]  [0]  [67]  [100]  [102510]  [67] 
|15 |  1 |  7 |  [0]  [0]  [0]  [67]  [100]  [102510]  [67]  [100] 
|16 |  1 |  8 |  [0]  [0]  [0]  [67]  [100]  [102510]  [1] 
|17 |  1 |  7 |  [0]  [0]  [0]  [67]  [100]  [102510]  [1] 
|18 |  1 |  7 |  [0]  [0]  [0]  [67]  [100]  [102510]  [1]  [67] 
|19 |  1 |  8 |  [0]  [0]  [0]  [67]  [100]  [102510]  [68] 
|20 |  1 |  7 |  [0]  [0]  [0]  [68]  [100]  [102510] 
|21 |  1 |  6 |  [0]  [0]  [0]  [68]  [100]  [102510] 
| 8 |  1 |  6 |  [0]  [0]  [0]  [68]  [100]  [102510]  [68] 
| 9 |  1 |  7 |  [0]  [0]  [0]  [68]  [100]  [102510]  [68]  [68] 
|10 |  1 |  8 |  [0]  [0]  [0]  [68]  [100]  [102510]  [4624] 
|11 |  1 |  7 |  [0]  [0]  [0]  [68]  [100]  [102510]  [4624]  [102510] 
|12 |  1 |  8 |  [0]  [0]  [0]  [68]  [100]  [102510]  [107134] 
|13 |  1 |  7 |  [0]  [0]  [0]  [68]  [100]  [107134] 
|14 |  1 |  6 |  [0]  [0]  [0]  [68]  [100]  [107134]  [68] 
|15 |  1 |  7 |  [0]  [0]  [0]  [68]  [100]  [107134]  [68]  [100] 
|16 |  1 |  8 |  [0]  [0]  [0]  [68]  [100]  [107134]  [1] 
|17 |  1 |  7 |  [0]  [0]  [0]  [68]  [100]  [107134]  [1] 
|18 |  1 |  7 |  [0]  [0]  [0]  [68]  [100]  [107134]  [1]  [68] 
|19 |  1 |  8 |  [0]  [0]  [0]  [68]  [100]  [107134]  [69] 
|20 |  1 |  7 |  [0]  [0]  [0]  [69]  [100]  [107134] 
|21 |  1 |  6 |  [0]  [0]  [0]  [69]  [100]  [107134] 
| 8 |  1 |  6 |  [0]  [0]  [0]  [69]  [100]  [107134]  [69] 
| 9 |  1 |  7 |  [0]  [0]  [0]  [69]  [100]  [107134]  [69]  [69] 
|10 |  1 |  8 |  [0]  [0]  [0]  [69]  [100]  [107134]  [4761] 
|11 |  1 |  7 |  [0]  [0]  [0]  [69]  [100]  [107134]  [4761]  [107134] 
|12 |  1 |  8 |  [0]  [0]  [0]  [69]  [100]  [107134]  [111895] 
|13 |  1 |  7 |  [0]  [0]  [0]  [69]  [100]  [111895] 
|14 |  1 |  6 |  [0]  [0]  [0]  [69]  [100]  [111895]  [69] 
|15 |  1 |  7 |  [0]  [0]  [0]  [69]  [100]  [111895]  [69]  [100] 
|16 |  1 |  8 |  [0]  [0]  [0]  [69]  [100]  [111895]  [1] 
|17 |  1 |  7 |  [0]  [0]  [0]  [69]  [100]  [111895]  [1] 
|18 |  1 |  7 |  [0]  [0]  [0]  [69]  [100]  [111895]  [1]  [69] 
|19 |  1 |  8 |  [0]  [0]  [0]  [69]  [100]  [111895]  [70] 
|20 |  1 |  7 |  [0]  [0]  [0]  [70]  [100]  [111895] 
|21 |  1 |  6 |  [0]  [0]  [0]  [70]  [100]  [111895] 
| 8 |  1 |  6 |  [0]  [0]  [0]  [70]  [100]  [111895]  [70] 
| 9 |  1 |  7 |  [0]  [0]  [0]  [70]  [100]  [111895]  [70]  [70] 
|10 |  1 |  8 |  [0]  [0]  [0]  [70]  [100]  [111895]  [4900] 
|11 |  1 |  7 |  [0]  [0]  [0]  [70]  [100]  [111895]  [4900]  [111895] 
|12 |  1 |  8 |  [0]  [0]  [0]  [70]  [100]  [111895]  [116795] 
|13 |  1 |  7 |  [0]  [0]  [0]  [70]  [100]  [116795] 
|14 |  1 |  6 |  [0]  [0]  [0]  [70]  [100]  [116795]  [70] 
|15 |  1 |  7 |  [0]  [0]  [0]  [70]  [100]  [116795]  [70]  [100] 
|16 |  1 |  8 |  [0]  [0]  [0]  [70]  [100]  [116795]  [1] 
|17 |  1 |  7 |  [0]  [0]  [0]  [70]  [100]  [116795]  [1] 
|18 |  1 |  7 |  [0]  [0]  [0]  [70]  [100]  [116795]  [1]  [70] 
|19 |  1 |  8 |  [0]  [0]  [0]  [70]  [100]  [116795]  [71] 
|20 |  1 |  7 |  [0]  [0]  [0]  [71]  [100]  [116795] 
|21 |  1 |  6 |  [0]  [0]  [0]  [71]  [100]  [116795] 
| 8 |  1 |  6 |  [0]  [0]  [0]  [71]  [100]  [116795]  [71] 
| 9 |  1 |  7 |  [0]  [0]  [0]  [71]  [100]  [116795]  [71]  [71] 
|10 |  1 |  8 |  [0]  [0]  [0]  [71]  [100]  [116795]  [5041] 
|11 |  1 |  7 |  [0]  [0]  [0]  [71]  [100]  [116795]  [5041]  [116795] 
|12 |  1 |  8 |  [0]  [0]  [0]  [71]  [100]  [116795]  [121836] 
|13 |  1 |  7 |  [0]  [0]  [0]  [71]  [100]  [121836] 
|14 |  1 |  6 |  [0]  [0]  [0]  [71]  [100]  [121836]  [71] 
|15 |  1 |  7 |  [0]  [0]  [0]  [71]  [100]  [121836]  [71]  [100] 
|16 |  1 |  8 |  [0]  [0]  [0]  [71]  [100]  [121836]  [1] 
|17 |  1 |  7 |  [0]  [0]  [0]  [71]  [100]  [121836]  [1] 
|18 |  1 |  7 |  [0]  [0]  [0]  [71]  [100]  [121836]  [1]  [71] 
|19 |  1 |  8 |  [0]  [0]  [0]  [71]  [100]  [121836]  [72] 
|20 |  1 |  7 |  [0]  [0]  [0]  [72]  [100]  [121836] 
|21 |  1 |  6 |  [0]  [0]  [0]  [72]  [100]  [121836] 
| 8 |  1 |  6 |  [0]  [0]  [0]  [72]  [100]  [121836]  [72] 
| 9 |  1 |  7 |  [0]  [0]  [0]  [72]  [100]  [121836]  [72]  [72] 
|10 |  1 |  8 |  [0]  [0]  [0]  [72]  [100]  [121836]  [5184] 
|11 |  1 |  7 |  [0]  [0]  [0]  [72]  [100]  [121836]  [5184]  [121836] 
|12 |  1 |  8 |  [0]  [0]  [0]  [72]  [100]  [121836]  [127020] 
|13 |  1 |  7 |  [0]  [0]  [0]  [72]  [100]  [127020] 
|14 |  1 |  6 |  [0]  [0]  [0]  [72]  [100]  [127020]  [72] 
|15 |  1 |  7 |  [0]  [0]  [0]  [72]  [100]  [127020]  [72]  [100] 
|16 |  1 |  8 |  [0]  [0]  [0]  [72]  [100]  [127020]  [1] 
|17 |  1 |  7 |  [0]  [0]  [0]  [72]  [100]  [127020]  [1] 
|18 |  1 |  7 |  [0]  [0]  [0]  [72]  [100]  [127020]  [1]  [72] 
|19 |  1 |  8 |  [0]  [0]  [0]  [72]  [100]  [127020]  [73] 
|20 |  1 |  7 |  [0]  [0]  [0]  [73]  [100]  [127020] 
|21 |  1 |  6 |  [0]  [0]  [0]  [73]  [100]  [127020] 
| 8 |  1 |  6 |  [0]  [0]  [0]  [73]  [100]  [127020]  [73] 
| 9 |  1 |  7 |  [0]  [0]  [0]  [73]  [100]  [127020]  [73]  [73] 
|10 |  1 |  8 |  [0]  [0]  [0]  [73]  [100]  [127020]  [5329] 
|11 |  1 |  7 |  [0]  [0]  [0]  [73]  [100]  [127020]  [5329]  [127020] 
|12 |  1 |  8 |  [0]  [0]  [0]  [73]  [100]  [127020]  [132349] 
|13 |  1 |  7 |  [0]  [0]  [0]  [73]  [100]  [132349] 
|14 |  1 |  6 |  [0]  [0]  [0]  [73]  [100]  [132349]  [73] 
|15 |  1 |  7 |  [0]  [0]  [0]  [73]  [100]  [132349]  [73]  [100] 
|16 |  1 |  8 |  [0]  [0]  [0]  [73]  [100]  [132349]  [1] 
|17 |  1 |  7 |  [0]  [0]  [0]  [73]  [100]  [132349]  [1] 
|18 |  1 |  7 |  [0]  [0]  [0]  [73]  [100]  [132349]  [1]  [73] 
|19 |  1 |  8 |  [0]  [0]  [0]  [73]  [100]  [132349]  [74] 
|20 |  1 |  7 |  [0]  [0]  [0]  [74]  [100]  [132349] 
|21 |  1 |  6 |  [0]  [0]  [0]  [74]  [100]  [132349] 
| 8 |  1 |  6 |  [0]  [0]  [0]  [74]  [100]  [132349]  [74] 
| 9 |  1 |  7 |  [0]  [0]  [0]  [74]  [100]  [132349]  [74]  [74] 
|10 |  1 |  8 |  [0]  [0]  [0]  [74]  [100]  [132349]  [5476] 
|11 |  1 |  7 |  [0]  [0]  [0]  [74]  [100]  [132349]  [5476]  [132349] 
|12 |  1 |  8 |  [0]  [0]  [0]  [74]  [100]  [132349]  [137825] 
|13 |  1 |  7 |  [0]  [0]  [0]  [74]  [100]  [137825] 
|14 |  1 |  6 |  [0]  [0]  [0]  [74]  [100]  [137825]  [74] 
|15 |  1 |  7 |  [0]  [0]  [0]  [74]  [100]  [137825]  [74]  [100] 
|16 |  1 |  8 |  [0]  [0]  [0]  [74]  [100]  [137825]  [1] 
|17 |  1 |  7 |  [0]  [0]  [0]  [74]  [100]  [137825]  [1] 
|18 |  1 |  7 |  [0]  [0]  [0]  [74]  [100]  [137825]  [1]  [74] 
|19 |  1 |  8 |  [0]  [0]  [0]  [74]  [100]  [137825]  [75] 
|20 |  1 |  7 |  [0]  [0]  [0]  [75]  [100]  [137825] 
|21 |  1 |  6 |  [0]  [0]  [0]  [75]  [100]  [137825] 
| 8 |  1 |  6 |  [0]  [0]  [0]  [75]  [100]  [137825]  [75] 
| 9 |  1 |  7 |  [0]  [0]  [0]  [75]  [100]  [137825]  [75]  [75] 
|10 |  1 |  8 |  [0]  [0]  [0]  [75]  [100]  [137825]  [5625] 
|11 |  1 |  7 |  [0]  [0]  [0]  [75]  [100]  [137825]  [5625]  [137825] 
|12 |  1 |  8 |  [0]  [0]  [0]  [75]  [100]  [137825]  [143450] 
|13 |  1 |  7 |  [0]  [0]  [0]  [75]  [100]  [143450] 
|14 |  1 |  6 |  [0]  [0]  [0]  [75]  [100]  [143450]  [75] 
|15 |  1 |  7 |  [0]  [0]  [0]  [75]  [100]  [143450]  [75]  [100] 
|16 |  1 |  8 |  [0]  [0]  [0]  [75]  [100]  [143450]  [1] 
|17 |  1 |  7 |  [0]  [0]  [0]  [75]  [100]  [143450]  [1] 
|18 |  1 |  7 |  [0]  [0]  [0]  [75]  [100]  [143450]  [1]  [75] 
|19 |  1 |  8 |  [0]  [0]  [0]  [75]  [100]  [143450]  [76] 
|20 |  1 |  7 |  [0]  [0]  [0]  [76]  [100]  [143450] 
|21 |  1 |  6 |  [0]  [0]  [0]  [76]  [100]  [143450] 
| 8 |  1 |  6 |  [0]  [0]  [0]  [76]  [100]  [143450]  [76] 
| 9 |  1 |  7 |  [0]  [0]  [0]  [76]  [100]  [143450]  [76]  [76] 
|10 |  1 |  8 |  [0]  [0]  [0]  [76]  [100]  [143450]  [5776] 
|11 |  1 |  7 |  [0]  [0]  [0]  [76]  [100]  [143450]  [5776]  [143450] 
|12 |  1 |  8 |  [0]  [0]  [0]  [76]  [100]  [143450]  [149226] 
|13 |  1 |  7 |  [0]  [0]  [0]  [76]  [100]  [149226] 
|14 |  1 |  6 |  [0]  [0]  [0]  [76]  [100]  [149226]  [76] 
|15 |  1 |  7 |  [0]  [0]  [0]  [76]  [100]  [149226]  [76]  [100] 
|16 |  1 |  8 |  [0]  [0]  [0]  [76]  [100]  [149226]  [1] 
|17 |  1 |  7 |  [0]  [0]  [0]  [76]  [100]  [149226]  [1] 
|18 |  1 |  7 |  [0]  [0]  [0]  [76]  [100]  [149226]  [1]  [76] 
|19 |  1 |  8 |  [0]  [0]  [0]  [76]  [100]  [149226]  [77] 
|20 |  1 |  7 |  [0]  [0]  [0]  [77]  [100]  [149226] 
|21 |  1 |  6 |  [0]  [0]  [0]  [77]  [100]  [149226] 
| 8 |  1 |  6 |  [0]  [0]  [0]  [77]  [100]  [149226]  [77] 
| 9 |  1 |  7 |  [0]  [0]  [0]  [77]  [100]  [149226]  [77]  [77] 
|10 |  1 |  8 |  [0]  [0]  [0]  [77]  [100]  [149226]  [5929] 
|11 |  1 |  7 |  [0]  [0]  [0]  [77]  [100]  [149226]  [5929]  [149226] 
|12 |  1 |  8 |  [0]  [0]  [0]  [77]  [100]  [149226]  [155155] 
|13 |  1 |  7 |  [0]  [0]  [0]  [77]  [100]  [155155] 
|14 |  1 |  6 |  [0]  [0]  [0]  [77]  [100]  [155155]  [77] 
|15 |  1 |  7 |  [0]  [0]  [0]  [77]  [100]  [155155]  [77]  [100] 
|16 |  1 |  8 |  [0]  [0]  [0]  [77]  [100]  [155155]  [1] 
|17 |  1 |  7 |  [0]  [0]  [0]  [77]  [100]  [155155]  [1] 
|18 |  1 |  7 |  [0]  [0]  [0]  [77]  [100]  [155155]  [1]  [77] 
|19 |  1 |  8 |  [0]  [0]  [0]  [77]  [100]  [155155]  [78] 
|20 |  1 |  7 |  [0]  [0]  [0]  [78]  [100]  [155155] 
|21 |  1 |  6 |  [0]  [0]  [0]  [78]  [100]  [155155] 
| 8 |  1 |  6 |  [0]  [0]  [0]  [78]  [100]  [155155]  [78] 
| 9 |  1 |  7 |  [0]  [0]  [0]  [78]  [100]  [155155]  [78]  [78] 
|10 |  1 |  8 |  [0]  [0]  [0]  [78]  [100]  [155155]  [6084] 
|11 |  1 |  7 |  [0]  [0]  [0]  [78]  [100]  [155155]  [6084]  [155155] 
|12 |  1 |  8 |  [0]  [0]  [0]  [78]  [100]  [155155]  [161239] 
|13 |  1 |  7 |  [0]  [0]  [0]  [78]  [100]  [161239] 
|14 |  1 |  6 |  [0]  [0]  [0]  [78]  [100]  [161239]  [78] 
|15 |  1 |  7 |  [0]  [0]  [0]  [78]  [100]  [161239]  [78]  [100] 
|16 |  1 |  8 |  [0]  [0]  [0]  [78]  [100]  [161239]  [1] 
|17 |  1 |  7 |  [0]  [0]  [0]  [78]  [100]  [161239]  [1] 
|18 |  1 |  7 |  [0]  [0]  [0]  [78]  [100]  [161239]  [1]  [78] 
|19 |  1 |  8 |  [0]  [0]  [0]  [78]  [100]  [161239]  [79] 
|20 |  1 |  7 |  [0]  [0]  [0]  [79]  [100]  [161239] 
|21 |  1 |  6 |  [0]  [0]  [0]  [79]  [100]  [161239] 
| 8 |  1 |  6 |  [0]  [0]  [0]  [79]  [100]  [161239]  [79] 
| 9 |  1 |  7 |  [0]  [0]  [0]  [79]  [100]  [161239]  [79]  [79] 
|10 |  1 |  8 |  [0]  [0]  [0]  [79]  [100]  [161239]  [6241] 
|11 |  1 |  7 |  [0]  [0]  [0]  [79]  [100]  [161239]  [6241]  [161239] 
|12 |  1 |  8 |  [0]  [0]  [0]  [79]  [100]  [161239]  [167480] 
|13 |  1 |  7 |  [0]  [0]  [0]  [79]  [100]  [167480] 
|14 |  1 |  6 |  [0]  [0]  [0]  [79]  [100]  [167480]  [79] 
|15 |  1 |  7 |  [0]  [0]  [0]  [79]  [100]  [167480]  [79]  [100] 
|16 |  1 |  8 |  [0]  [0]  [0]  [79]  [100]  [167480]  [1] 
|17 |  1 |  7 |  [0]  [0]  [0]  [79]  [100]  [167480]  [1] 
|18 |  1 |  7 |  [0]  [0]  [0]  [79]  [100]  [167480]  [1]  [79] 
|19 |  1 |  8 |  [0]  [0]  [0]  [79]  [100]  [167480]  [80] 
|20 |  1 |  7 |  [0]  [0]  [0]  [80]  [100]  [167480] 
|21 |  1 |  6 |  [0]  [0]  [0]  [80]  [100]  [167480] 
| 8 |  1 |  6 |  [0]  [0]  [0]  [80]  [100]  [167480]  [80] 
| 9 |  1 |  7 |  [0]  [0]  [0]  [80]  [100]  [167480]  [80]  [80] 
|10 |  1 |  8 |  [0]  [0]  [0]  [80]  [100]  [167480]  [6400] 
|11 |  1 |  7 |  [0]  [0]  [0]  [80]  [100]  [167480]  [6400]  [167480] 
|12 |  1 |  8 |  [0]  [0]  [0]  [80]  [100]  [167480]  [173880] 
|13 |  1 |  7 |  [0]  [0]  [0]  [80]  [100]  [173880] 
|14 |  1 |  6 |  [0]  [0]  [0]  [80]  [100]  [173880]  [80] 
|15 |  1 |  7 |  [0]  [0]  [0]  [80]  [100]  [173880]  [80]  [100] 
|16 |  1 |  8 |  [0]  [0]  [0]  [80]  [100]  [173880]  [1] 
|17 |  1 |  7 |  [0]  [0]  [0]  [80]  [100]  [173880]  [1] 
|18 |  1 |  7 |  [0]  [0]  [0]  [80]  [100]  [173880]  [1]  [80] 
|19 |  1 |  8 |  [0]  [0]  [0]  [80]  [100]  [173880]  [81] 
|20 |  1 |  7 |  [0]  [0]  [0]  [81]  [100]  [173880] 
|21 |  1 |  6 |  [0]  [0]  [0]  [81]  [100]  [173880] 
| 8 |  1 |  6 |  [0]  [0]  [0]  [81]  [100]  [173880]  [81] 
| 9 |  1 |  7 |  [0]  [0]  [0]  [81]  [100]  [173880]  [81]  [81] 
|10 |  1 |  8 |  [0]  [0]  [0]  [81]  [100]  [173880]  [6561] 
|11 |  1 |  7 |  [0]  [0]  [0]  [81]  [100]  [173880]  [6561]  [173880] 
|12 |  1 |  8 |  [0]  [0]  [0]  [81]  [100]  [173880]  [180441] 
|13 |  1 |  7 |  [0]  [0]  [0]  [81]  [100]  [180441] 
|14 |  1 |  6 |  [0]  [0]  [0]  [81]  [100]  [180441]  [81] 
|15 |  1 |  7 |  [0]  [0]  [0]  [81]  [100]  [180441]  [81]  [100] 
|16 |  1 |  8 |  [0]  [0]  [0]  [81]  [100]  [180441]  [1] 
|17 |  1 |  7 |  [0]  [0]  [0]  [81]  [100]  [180441]  [1] 
|18 |  1 |  7 |  [0]  [0]  [0]  [81]  [100]  [180441]  [1]  [81] 
|19 |  1 |  8 |  [0]  [0]  [0]  [81]  [100]  [180441]  [82] 
|20 |  1 |  7 |  [0]  [0]  [0]  [82]  [100]  [180441] 
|21 |  1 |  6 |  [0]  [0]  [0]  [82]  [100]  [180441] 
| 8 |  1 |  6 |  [0]  [0]  [0]  [82]  [100]  [180441]  [82] 
| 9 |  1 |  7 |  [0]  [0]  [0]  [82]  [100]  [180441]  [82]  [82] 
|10 |  1 |  8 |  [0]  [0]  [0]  [82]  [100]  [180441]  [6724] 
|11 |  1 |  7 |  [0]  [0]  [0]  [82]  [100]  [180441]  [6724]  [180441] 
|12 |  1 |  8 |  [0]  [0]  [0]  [82]  [100]  [180441]  [187165] 
|13 |  1 |  7 |  [0]  [0]  [0]  [82]  [100]  [187165] 
|14 |  1 |  6 |  [0]  [0]  [0]  [82]  [100]  [187165]  [82] 
|15 |  1 |  7 |  [0]  [0]  [0]  [82]  [100]  [187165]  [82]  [100] 
|16 |  1 |  8 |  [0]  [0]  [0]  [82]  [100]  [187165]  [1] 
|17 |  1 |  7 |  [0]  [0]  [0]  [82]  [100]  [187165]  [1] 
|18 |  1 |  7 |  [0]  [0]  [0]  [82]  [100]  [187165]  [1]  [82] 
|19 |  1 |  8 |  [0]  [0]  [0]  [82]  [100]  [187165]  [83] 
|20 |  1 |  7 |  [0]  [0]  [0]  [83]  [100]  [187165] 
|21 |  1 |  6 |  [0]  [0]  [0]  [83]  [100]  [187165] 
| 8 |  1 |  6 |  [0]  [0]  [0]  [83]  [100]  [187165]  [83] 
| 9 |  1 |  7 |  [0]  [0]  [0]  [83]  [100]  [187165]  [83]  [83] 
|10 |  1 |  8 |  [0]  [0]  [0]  [83]  [100]  [187165]  [6889] 
|11 |  1 |  7 |  [0]  [0]  [0]  [83]  [100]  [187165]  [6889]  [187165] 
|12 |  1 |  8 |  [0]  [0]  [0]  [83]  [100]  [187165]  [194054] 
|13 |  1 |  7 |  [0]  [0]  [0]  [83]  [100]  [194054] 
|14 |  1 |  6 |  [0]  [0]  [0]  [83]  [100]  [194054]  [83] 
|15 |  1 |  7 |  [0]  [0]  [0]  [83]  [100]  [194054]  [83]  [100] 
|16 |  1 |  8 |  [0]  [0]  [0]  [83]  [100]  [194054]  [1] 
|17 |  1 |  7 |  [0]  [0]  [0]  [83]  [100]  [194054]  [1] 
|18 |  1 |  7 |  [0]  [0]  [0]  [83]  [100]  [194054]  [1]  [83] 
|19 |  1 |  8 |  [0]  [0]  [0]  [83]  [100]  [194054]  [84] 
|20 |  1 |  7 |  [0]  [0]  [0]  [84]  [100]  [194054] 
|21 |  1 |  6 |  [0]  [0]  [0]  [84]  [100]  [194054] 
| 8 |  1 |  6 |  [0]  [0]  [0]  [84]  [100]  [194054]  [84] 
| 9 |  1 |  7 |  [0]  [0]  [0]  [84]  [100]  [194054]  [84]  [84] 
|10 |  1 |  8 |  [0]  [0]  [0]  [84]  [100]  [194054]  [7056] 
|11 |  1 |  7 |  [0]  [0]  [0]  [84]  [100]  [194054]  [7056]  [194054] 
|12 |  1 |  8 |  [0]  [0]  [0]  [84]  [100]  [194054]  [201110] 
|13 |  1 |  7 |  [0]  [0]  [0]  [84]  [100]  [201110] 
|14 |  1 |  6 |  [0]  [0]  [0]  [84]  [100]  [201110]  [84] 
|15 |  1 |  7 |  [0]  [0]  [0]  [84]  [100]  [201110]  [84]  [100] 
|16 |  1 |  8 |  [0]  [0]  [0]  [84]  [100]  [201110]  [1] 
|17 |  1 |  7 |  [0]  [0]  [0]  [84]  [100]  [201110]  [1] 
|18 |  1 |  7 |  [0]  [0]  [0]  [84]  [100]  [201110]  [1]  [84] 
|19 |  1 |  8 |  [0]  [0]  [0]  [84]  [100]  [201110]  [85] 
|20 |  1 |  7 |  [0]  [0]  [0]  [85]  [100]  [201110] 
|21 |  1 |  6 |  [0]  [0]  [0]  [85]  [100]  [201110] 
| 8 |  1 |  6 |  [0]  [0]  [0]  [85]  [100]  [201110]  [85] 
| 9 |  1 |  7 |  [0]  [0]  [0]  [85]  [100]  [201110]  [85]  [85] 
|10 |  1 |  8 |  [0]  [0]  [0]  [85]  [100]  [201110]  [7225] 
|11 |  1 |  7 |  [0]  [0]  [0]  [85]  [100]  [201110]  [7225]  [201110] 
|12 |  1 |  8 |  [0]  [0]  [0]  [85]  [100]  [201110]  [208335] 
|13 |  1 |  7 |  [0]  [0]  [0]  [85]  [100]  [208335] 
|14 |  1 |  6 |  [0]  [0]  [0]  [85]  [100]  [208335]  [85] 
|15 |  1 |  7 |  [0]  [0]  [0]  [85]  [100]  [208335]  [85]  [100] 
|16 |  1 |  8 |  [0]  [0]  [0]  [85]  [100]  [208335]  [1] 
|17 |  1 |  7 |  [0]  [0]  [0]  [85]  [100]  [208335]  [1] 
|18 |  1 |  7 |  [0]  [0]  [0]  [85]  [100]  [208335]  [1]  [85] 
|19 |  1 |  8 |  [0]  [0]  [0]  [85]  [100]  [208335]  [86] 
|20 |  1 |  7 |  [0]  [0]  [0]  [86]  [100]  [208335] 
|21 |  1 |  6 |  [0]  [0]  [0]  [86]  [100]  [208335] 
| 8 |  1 |  6 |  [0]  [0]  [0]  [86]  [100]  [208335]  [86] 
| 9 |  1 |  7 |  [0]  [0]  [0]  [86]  [100]  [208335]  [86]  [86] 
|10 |  1 |  8 |  [0]  [0]  [0]  [86]  [100]  [208335]  [7396] 
|11 |  1 |  7 |  [0]  [0]  [0]  [86]  [100]  [208335]  [7396]  [208335] 
|12 |  1 |  8 |  [0]  [0]  [0]  [86]  [100]  [208335]  [215731] 
|13 |  1 |  7 |  [0]  [0]  [0]  [86]  [100]  [215731] 
|14 |  1 |  6 |  [0]  [0]  [0]  [86]  [100]  [215731]  [86] 
|15 |  1 |  7 |  [0]  [0]  [0]  [86]  [100]  [215731]  [86]  [100] 
|16 |  1 |  8 |  [0]  [0]  [0]  [86]  [100]  [215731]  [1] 
|17 |  1 |  7 |  [0]  [0]  [0]  [86]  [100]  [215731]  [1] 
|18 |  1 |  7 |  [0]  [0]  [0]  [86]  [100]  [215731]  [1]  [86] 
|19 |  1 |  8 |  [0]  [0]  [0]  [86]  [100]  [215731]  [87] 
|20 |  1 |  7 |  [0]  [0]  [0]  [87]  [100]  [215731] 
|21 |  1 |  6 |  [0]  [0]  [0]  [87]  [100]  [215731] 
| 8 |  1 |  6 |  [0]  [0]  [0]  [87]  [100]  [215731]  [87] 
| 9 |  1 |  7 |  [0]  [0]  [0]  [87]  [100]  [215731]  [87]  [87] 
|10 |  1 |  8 |  [0]  [0]  [0]  [87]  [100]  [215731]  [7569] 
|11 |  1 |  7 |  [0]  [0]  [0]  [87]  [100]  [215731]  [7569]  [215731] 
|12 |  1 |  8 |  [0]  [0]  [0]  [87]  [100]  [215731]  [223300] 
|13 |  1 |  7 |  [0]  [0]  [0]  [87]  [100]  [223300] 
|14 |  1 |  6 |  [0]  [0]  [0]  [87]  [100]  [223300]  [87] 
|15 |  1 |  7 |  [0]  [0]  [0]  [87]  [100]  [223300]  [87]  [100] 
|16 |  1 |  8 |  [0]  [0]  [0]  [87]  [100]  [223300]  [1] 
|17 |  1 |  7 |  [0]  [0]  [0]  [87]  [100]  [223300]  [1] 
|18 |  1 |  7 |  [0]  [0]  [0]  [87]  [100]  [223300]  [1]  [87] 
|19 |  1 |  8 |  [0]  [0]  [0]  [87]  [100]  [223300]  [88] 
|20 |  1 |  7 |  [0]  [0]  [0]  [88]  [100]  [223300] 
|21 |  1 |  6 |  [0]  [0]  [0]  [88]  [100]  [223300] 
| 8 |  1 |  6 |  [0]  [0]  [0]  [88]  [100]  [223300]  [88] 
| 9 |  1 |  7 |  [0]  [0]  [0]  [88]  [100]  [223300]  [88]  [88] 
|10 |  1 |  8 |  [0]  [0]  [0]  [88]  [100]  [223300]  [7744] 
|11 |  1 |  7 |  [0]  [0]  [0]  [88]  [100]  [223300]  [7744]  [223300] 
|12 |  1 |  8 |  [0]  [0]  [0]  [88]  [100]  [223300]  [231044] 
|13 |  1 |  7 |  [0]  [0]  [0]  [88]  [100]  [231044] 
|14 |  1 |  6 |  [0]  [0]  [0]  [88]  [100]  [231044]  [88] 
|15 |  1 |  7 |  [0]  [0]  [0]  [88]  [100]  [231044]  [88]  [100] 
|16 |  1 |  8 |  [0]  [0]  [0]  [88]  [100]  [231044]  [1] 
|17 |  1 |  7 |  [0]  [0]  [0]  [88]  [100]  [231044]  [1] 
|18 |  1 |  7 |  [0]  [0]  [0]  [88]  [100]  [231044]  [1]  [88] 
|19 |  1 |  8 |  [0]  [0]  [0]  [88]  [100]  [231044]  [89] 
|20 |  1 |  7 |  [0]  [0]  [0]  [89]  [100]  [231044] 
|21 |  1 |  6 |  [0]  [0]  [0]  [89]  [100]  [231044] 
| 8 |  1 |  6 |  [0]  [0]  [0]  [89]  [100]  [231044]  [89] 
| 9 |  1 |  7 |  [0]  [0]  [0]  [89]  [100]  [231044]  [89]  [89] 
|10 |  1 |  8 |  [0]  [0]  [0]  [89]  [100]  [231044]  [7921] 
|11 |  1 |  7 |  [0]  [0]  [0]  [89]  [100]  [231044]  [7921]  [231044] 
|12 |  1 |  8 |  [0]  [0]  [0]  [89]  [100]  [231044]  [238965] 
|13 |  1 |  7 |  [0]  [0]  [0]  [89]  [100]  [238965] 
|14 |  1 |  6 |  [0]  [0]  [0]  [89]  [100]  [238965]  [89] 
|15 |  1 |  7 |  [0]  [0]  [0]  [89]  [100]  [238965]  [89]  [100] 
|16 |  1 |  8 |  [0]  [0]  [0]  [89]  [100]  [238965]  [1] 
|17 |  1 |  7 |  [0]  [0]  [0]  [89]  [100]  [238965]  [1] 
|18 |  1 |  7 |  [0]  [0]  [0]  [89]  [100]  [238965]  [1]  [89] 
|19 |  1 |  8 |  [0]  [0]  [0]  [89]  [100]  [238965]  [90] 
|20 |  1 |  7 |  [0]  [0]  [0]  [90]  [100]  [238965] 
|21 |  1 |  6 |  [0]  [0]  [0]  [90]  [100]  [238965] 
| 8 |  1 |  6 |  [0]  [0]  [0]  [90]  [100]  [238965]  [90] 
| 9 |  1 |  7 |  [0]  [0]  [0]  [90]  [100]  [238965]  [90]  [90] 
|10 |  1 |  8 |  [0]  [0]  [0]  [90]  [100]  [238965]  [8100] 
|11 |  1 |  7 |  [0]  [0]  [0]  [90]  [100]  [238965]  [8100]  [238965] 
|12 |  1 |  8 |  [0]  [0]  [0]  [90]  [100]  [238965]  [247065] 
|13 |  1 |  7 |  [0]  [0]  [0]  [90]  [100]  [247065] 
|14 |  1 |  6 |  [0]  [0]  [0]  [90]  [100]  [247065]  [90] 
|15 |  1 |  7 |  [0]  [0]  [0]  [90]  [100]  [247065]  [90]  [100] 
|16 |  1 |  8 |  [0]  [0]  [0]  [90]  [100]  [247065]  [1] 
|17 |  1 |  7 |  [0]  [0]  [0]  [90]  [100]  [247065]  [1] 
|18 |  1 |  7 |  [0]  [0]  [0]  [90]  [100]  [247065]  [1]  [90] 
|19 |  1 |  8 |  [0]  [0]  [0]  [90]  [100]  [247065]  [91] 
|20 |  1 |  7 |  [0]  [0]  [0]  [91]  [100]  [247065] 
|21 |  1 |  6 |  [0]  [0]  [0]  [91]  [100]  [247065] 
| 8 |  1 |  6 |  [0]  [0]  [0]  [91]  [100]  [247065]  [91] 
| 9 |  1 |  7 |  [0]  [0]  [0]  [91]  [100]  [247065]  [91]  [91] 
|10 |  1 |  8 |  [0]  [0]  [0]  [91]  [100]  [247065]  [8281] 
|11 |  1 |  7 |  [0]  [0]  [0]  [91]  [100]  [247065]  [8281]  [247065] 
|12 |  1 |  8 |  [0]  [0]  [0]  [91]  [100]  [247065]  [255346] 
|13 |  1 |  7 |  [0]  [0]  [0]  [91]  [100]  [255346] 
|14 |  1 |  6 |  [0]  [0]  [0]  [91]  [100]  [255346]  [91] 
|15 |  1 |  7 |  [0]  [0]  [0]  [91]  [100]  [255346]  [91]  [100] 
|16 |  1 |  8 |  [0]  [0]  [0]  [91]  [100]  [255346]  [1] 
|17 |  1 |  7 |  [0]  [0]  [0]  [91]  [100]  [255346]  [1] 
|18 |  1 |  7 |  [0]  [0]  [0]  [91]  [100]  [255346]  [1]  [91] 
|19 |  1 |  8 |  [0]  [0]  [0]  [91]  [100]  [255346]  [92] 
|20 |  1 |  7 |  [0]  [0]  [0]  [92]  [100]  [255346] 
|21 |  1 |  6 |  [0]  [0]  [0]  [92]  [100]  [255346] 
| 8 |  1 |  6 |  [0]  [0]  [0]  [92]  [100]  [255346]  [92] 
| 9 |  1 |  7 |  [0]  [0]  [0]  [92]  [100]  [255346]  [92]  [92] 
|10 |  1 |  8 |  [0]  [0]  [0]  [92]  [100]  [255346]  [8464] 
|11 |  1 |  7 |  [0]  [0]  [0]  [92]  [100]  [255346]  [8464]  [255346] 
|12 |  1 |  8 |  [0]  [0]  [0]  [92]  [100]  [255346]  [263810] 
|13 |  1 |  7 |  [0]  [0]  [0]  [92]  [100]  [263810] 
|14 |  1 |  6 |  [0]  [0]  [0]  [92]  [100]  [263810]  [92] 
|15 |  1 |  7 |  [0]  [0]  [0]  [92]  [100]  [263810]  [92]  [100] 
|16 |  1 |  8 |  [0]  [0]  [0]  [92]  [100]  [263810]  [1] 
|17 |  1 |  7 |  [0]  [0]  [0]  [92]  [100]  [263810]  [1] 
|18 |  1 |  7 |  [0]  [0]  [0]  [92]  [100]  [263810]  [1]  [92] 
|19 |  1 |  8 |  [0]  [0]  [0]  [92]  [100]  [263810]  [93] 
|20 |  1 |  7 |  [0]  [0]  [0]  [93]  [100]  [263810] 
|21 |  1 |  6 |  [0]  [0]  [0]  [93]  [100]  [263810] 
| 8 |  1 |  6 |  [0]  [0]  [0]  [93]  [100]  [263810]  [93] 
| 9 |  1 |  7 |  [0]  [0]  [0]  [93]  [100]  [263810]  [93]  [93] 
|10 |  1 |  8 |  [0]  [0]  [0]  [93]  [100]  [263810]  [8649] 
|11 |  1 |  7 |  [0]  [0]  [0]  [93]  [100]  [263810]  [8649]  [263810] 
|12 |  1 |  8 |  [0]  [0]  [0]  [93]  [100]  [263810]  [272459] 
|13 |  1 |  7 |  [0]  [0]  [0]  [93]  [100]  [272459] 
|14 |  1 |  6 |  [0]  [0]  [0]  [93]  [100]  [272459]  [93] 
|15 |  1 |  7 |  [0]  [0]  [0]  [93]  [100]  [272459]  [93]  [100] 
|16 |  1 |  8 |  [0]  [0]  [0]  [93]  [100]  [272459]  [1] 
|17 |  1 |  7 |  [0]  [0]  [0]  [93]  [100]  [272459]  [1] 
|18 |  1 |  7 |  [0]  [0]  [0]  [93]  [100]  [272459]  [1]  [93] 
|19 |  1 |  8 |  [0]  [0]  [0]  [93]  [100]  [272459]  [94] 
|20 |  1 |  7 |  [0]  [0]  [0]  [94]  [100]  [272459] 
|21 |  1 |  6 |  [0]  [0]  [0]  [94]  [100]  [272459] 
| 8 |  1 |  6 |  [0]  [0]  [0]  [94]  [100]  [272459]  [94] 
| 9 |  1 |  7 |  [0]  [0]  [0]  [94]  [100]  [272459]  [94]  [94] 
|10 |  1 |  8 |  [0]  [0]  [0]  [94]  [100]  [272459]  [8836] 
|11 |  1 |  7 |  [0]  [0]  [0]  [94]  [100]  [272459]  [8836]  [272459] 
|12 |  1 |  8 |  [0]  [0]  [0]  [94]  [100]  [272459]  [281295] 
|13 |  1 |  7 |  [0]  [0]  [0]  [94]  [100]  [281295] 
|14 |  1 |  6 |  [0]  [0]  [0]  [94]  [100]  [281295]  [94] 
|15 |  1 |  7 |  [0]  [0]  [0]  [94]  [100]  [281295]  [94]  [100] 
|16 |  1 |  8 |  [0]  [0]  [0]  [94]  [100]  [281295]  [1] 
|17 |  1 |  7 |  [0]  [0]  [0]  [94]  [100]  [281295]  [1] 
|18 |  1 |  7 |  [0]  [0]  [0]  [94]  [100]  [281295]  [1]  [94] 
|19 |  1 |  8 |  [0]  [0]  [0]  [94]  [100]  [281295]  [95] 
|20 |  1 |  7 |  [0]  [0]  [0]  [95]  [100]  [281295] 
|21 |  1 |  6 |  [0]  [0]  [0]  [95]  [100]  [281295] 
| 8 |  1 |  6 |  [0]  [0]  [0]  [95]  [100]  [281295]  [95] 
| 9 |  1 |  7 |  [0]  [0]  [0]  [95]  [100]  [281295]  [95]  [95] 
|10 |  1 |  8 |  [0]  [0]  [0]  [95]  [100]  [281295]  [9025] 
|11 |  1 |  7 |  [0]  [0]  [0]  [95]  [100]  [281295]  [9025]  [281295] 
|12 |  1 |  8 |  [0]  [0]  [0]  [95]  [100]  [281295]  [290320] 
|13 |  1 |  7 |  [0]  [0]  [0]  [95]  [100]  [290320] 
|14 |  1 |  6 |  [0]  [0]  [0]  [95]  [100]  [290320]  [95] 
|15 |  1 |  7 |  [0]  [0]  [0]  [95]  [100]  [290320]  [95]  [100] 
|16 |  1 |  8 |  [0]  [0]  [0]  [95]  [100]  [290320]  [1] 
|17 |  1 |  7 |  [0]  [0]  [0]  [95]  [100]  [290320]  [1] 
|18 |  1 |  7 |  [0]  [0]  [0]  [95]  [100]  [290320]  [1]  [95] 
|19 |  1 |  8 |  [0]  [0]  [0]  [95]  [100]  [290320]  [96] 
|20 |  1 |  7 |  [0]  [0]  [0]  [96]  [100]  [290320] 
|21 |  1 |  6 |  [0]  [0]  [0]  [96]  [100]  [290320] 
| 8 |  1 |  6 |  [0]  [0]  [0]  [96]  [100]  [290320]  [96] 
| 9 |  1 |  7 |  [0]  [0]  [0]  [96]  [100]  [290320]  [96]  [96] 
|10 |  1 |  8 |  [0]  [0]  [0]  [96]  [100]  [290320]  [9216] 
|11 |  1 |  7 |  [0]  [0]  [0]  [96]  [100]  [290320]  [9216]  [290320] 
|12 |  1 |  8 |  [0]  [0]  [0]  [96]  [100]  [290320]  [299536] 
|13 |  1 |  7 |  [0]  [0]  [0]  [96]  [100]  [299536] 
|14 |  1 |  6 |  [0]  [0]  [0]  [96]  [100]  [299536]  [96] 
|15 |  1 |  7 |  [0]  [0]  [0]  [96]  [100]  [299536]  [96]  [100] 
|16 |  1 |  8 |  [0]  [0]  [0]  [96]  [100]  [299536]  [1] 
|17 |  1 |  7 |  [0]  [0]  [0]  [96]  [100]  [299536]  [1] 
|18 |  1 |  7 |  [0]  [0]  [0]  [96]  [100]  [299536]  [1]  [96] 
|19 |  1 |  8 |  [0]  [0]  [0]  [96]  [100]  [299536]  [97] 
|20 |  1 |  7 |  [0]  [0]  [0]  [97]  [100]  [299536] 
|21 |  1 |  6 |  [0]  [0]  [0]  [97]  [100]  [299536] 
| 8 |  1 |  6 |  [0]  [0]  [0]  [97]  [100]  [299536]  [97] 
| 9 |  1 |  7 |  [0]  [0]  [0]  [97]  [100]  [299536]  [97]  [97] 
|10 |  1 |  8 |  [0]  [0]  [0]  [97]  [100]  [299536]  [9409] 
|11 |  1 |  7 |  [0]  [0]  [0]  [97]  [100]  [299536]  [9409]  [299536] 
|12 |  1 |  8 |  [0]  [0]  [0]  [97]  [100]  [299536]  [308945] 
|13 |  1 |  7 |  [0]  [0]  [0]  [97]  [100]  [308945] 
|14 |  1 |  6 |  [0]  [0]  [0]  [97]  [100]  [308945]  [97] 
|15 |  1 |  7 |  [0]  [0]  [0]  [97]  [100]  [308945]  [97]  [100] 
|16 |  1 |  8 |  [0]  [0]  [0]  [97]  [100]  [308945]  [1] 
|17 |  1 |  7 |  [0]  [0]  [0]  [97]  [100]  [308945]  [1] 
|18 |  1 |  7 |  [0]  [0]  [0]  [97]  [100]  [308945]  [1]  [97] 
|19 |  1 |  8 |  [0]  [0]  [0]  [97]  [100]  [308945]  [98] 
|20 |  1 |  7 |  [0]  [0]  [0]  [98]  [100]  [308945] 
|21 |  1 |  6 |  [0]  [0]  [0]  [98]  [100]  [308945] 
| 8 |  1 |  6 |  [0]  [0]  [0]  [98]  [100]  [308945]  [98] 
| 9 |  1 |  7 |  [0]  [0]  [0]  [98]  [100]  [308945]  [98]  [98] 
|10 |  1 |  8 |  [0]  [0]  [0]  [98]  [100]  [308945]  [9604] 
|11 |  1 |  7 |  [0]  [0]  [0]  [98]  [100]  [308945]  [9604]  [308945] 
|12 |  1 |  8 |  [0]  [0]  [0]  [98]  [100]  [308945]  [318549] 
|13 |  1 |  7 |  [0]  [0]  [0]  [98]  [100]  [318549] 
|14 |  1 |  6 |  [0]  [0]  [0]  [98]  [100]  [318549]  [98] 
|15 |  1 |  7 |  [0]  [0]  [0]  [98]  [100]  [318549]  [98]  [100] 
|16 |  1 |  8 |  [0]  [0]  [0]  [98]  [100]  [318549]  [1] 
|17 |  1 |  7 |  [0]  [0]  [0]  [98]  [100]  [318549]  [1] 
|18 |  1 |  7 |  [0]  [0]  [0]  [98]  [100]  [318549]  [1]  [98] 
|19 |  1 |  8 |  [0]  [0]  [0]  [98]  [100]  [318549]  [99] 
|20 |  1 |  7 |  [0]  [0]  [0]  [99]  [100]  [318549] 
|21 |  1 |  6 |  [0]  [0]  [0]  [99]  [100]  [318549] 
| 8 |  1 |  6 |  [0]  [0]  [0]  [99]  [100]  [318549]  [99] 
| 9 |  1 |  7 |  [0]  [0]  [0]  [99]  [100]  [318549]  [99]  [99] 
|10 |  1 |  8 |  [0]  [0]  [0]  [99]  [100]  [318549]  [9801] 
|11 |  1 |  7 |  [0]  [0]  [0]  [99]  [100]  [318549]  [9801]  [318549] 
|12 |  1 |  8 |  [0]  [0]  [0]  [99]  [100]  [318549]  [328350] 
|13 |  1 |  7 |  [0]  [0]  [0]  [99]  [100]  [328350] 
|14 |  1 |  6 |  [0]  [0]  [0]  [99]  [100]  [328350]  [99] 
|15 |  1 |  7 |  [0]  [0]  [0]  [99]  [100]  [328350]  [99]  [100] 
|16 |  1 |  8 |  [0]  [0]  [0]  [99]  [100]  [328350]  [1] 
|17 |  1 |  7 |  [0]  [0]  [0]  [99]  [100]  [328350]  [1] 
|18 |  1 |  7 |  [0]  [0]  [0]  [99]  [100]  [328350]  [1]  [99] 
|19 |  1 |  8 |  [0]  [0]  [0]  [99]  [100]  [328350]  [100] 
|20 |  1 |  7 |  [0]  [0]  [0]  [100]  [100]  [328350] 
|21 |  1 |  6 |  [0]  [0]  [0]  [100]  [100]  [328350] 
| 8 |  1 |  6 |  [0]  [0]  [0]  [100]  [100]  [328350]  [100] 
| 9 |  1 |  7 |  [0]  [0]  [0]  [100]  [100]  [328350]  [100]  [100] 
|10 |  1 |  8 |  [0]  [0]  [0]  [100]  [100]  [328350]  [10000] 
|11 |  1 |  7 |  [0]  [0]  [0]  [100]  [100]  [328350]  [10000]  [328350] 
|12 |  1 |  8 |  [0]  [0]  [0]  [100]  [100]  [328350]  [338350] 
|13 |  1 |  7 |  [0]  [0]  [0]  [100]  [100]  [338350] 
|14 |  1 |  6 |  [0]  [0]  [0]  [100]  [100]  [338350]  [100] 
|15 |  1 |  7 |  [0]  [0]  [0]  [100]  [100]  [338350]  [100]  [100] 
|16 |  1 |  8 |  [0]  [0]  [0]  [100]  [100]  [338350]  [0] 
|17 |  1 |  7 |  [0]  [0]  [0]  [100]  [100]  [338350] 
|22 |  1 |  6 | 
