
 start pl/0
 t   b   p     f   l   a                 0   1   2   3   4   5   6   7   8   9  10  11  12  13  14
 === === ===   === === ===             === === === === === === === === === === === === === === ===
  -1   0   0   INT   0   6      s[] :    0   0   0   0   0   0
   5   0   1   LIT   0   0      s[] :    0   0   0   0   0   0   0
   6   0   2   STO   0   3      s[] :    0   0   0   0   0   0
   5   0   3   LIT   0   1      s[] :    0   0   0   0   0   0   1
   6   0   4   STO   0   4      s[] :    0   0   0   0   1   0
   5   0   5   LIT   0  11      s[] :    0   0   0   0   1   0  11
   6   0   6   STO   0   5      s[] :    0   0   0   0   1  11
   5   0   7   LOD   0   3      s[] :    0   0   0   0   1  11   0
   6   0   8   LOD   0   4      s[] :    0   0   0   0   1  11   0   1
   7   0   9   OPR   0   2      s[] :    0   0   0   0   1  11   1
   6   0  10   STO   0   3      s[] :    0   0   0   1   1  11
   5   0  11   LOD   0   5      s[] :    0   0   0   1   1  11  11
   6   0  12   LOD   0   4      s[] :    0   0   0   1   1  11  11   1
   7   0  13   OPR   0   3      s[] :    0   0   0   1   1  11  10
   6   0  14   JPC   0  20      s[] :    0   0   0   1   1  11
   5   0  15   LOD   0   4      s[] :    0   0   0   1   1  11   1
   6   0  16   LIT   0   1      s[] :    0   0   0   1   1  11   1   1
   7   0  17   OPR   0   2      s[] :    0   0   0   1   1  11   2
   6   0  18   STO   0   4      s[] :    0   0   0   1   2  11
   5   0  19   JMP   0   7      s[] :    0   0   0   1   2  11
   5   0   7   LOD   0   3      s[] :    0   0   0   1   2  11   1
   6   0   8   LOD   0   4      s[] :    0   0   0   1   2  11   1   2
   7   0   9   OPR   0   2      s[] :    0   0   0   1   2  11   3
   6   0  10   STO   0   3      s[] :    0   0   0   3   2  11
   5   0  11   LOD   0   5      s[] :    0   0   0   3   2  11  11
   6   0  12   LOD   0   4      s[] :    0   0   0   3   2  11  11   2
   7   0  13   OPR   0   3      s[] :    0   0   0   3   2  11   9
   6   0  14   JPC   0  20      s[] :    0   0   0   3   2  11
   5   0  15   LOD   0   4      s[] :    0   0   0   3   2  11   2
   6   0  16   LIT   0   1      s[] :    0   0   0   3   2  11   2   1
   7   0  17   OPR   0   2      s[] :    0   0   0   3   2  11   3
   6   0  18   STO   0   4      s[] :    0   0   0   3   3  11
   5   0  19   JMP   0   7      s[] :    0   0   0   3   3  11
   5   0   7   LOD   0   3      s[] :    0   0   0   3   3  11   3
   6   0   8   LOD   0   4      s[] :    0   0   0   3   3  11   3   3
   7   0   9   OPR   0   2      s[] :    0   0   0   3   3  11   6
   6   0  10   STO   0   3      s[] :    0   0   0   6   3  11
   5   0  11   LOD   0   5      s[] :    0   0   0   6   3  11  11
   6   0  12   LOD   0   4      s[] :    0   0   0   6   3  11  11   3
   7   0  13   OPR   0   3      s[] :    0   0   0   6   3  11   8
   6   0  14   JPC   0  20      s[] :    0   0   0   6   3  11
   5   0  15   LOD   0   4      s[] :    0   0   0   6   3  11   3
   6   0  16   LIT   0   1      s[] :    0   0   0   6   3  11   3   1
   7   0  17   OPR   0   2      s[] :    0   0   0   6   3  11   4
   6   0  18   STO   0   4      s[] :    0   0   0   6   4  11
   5   0  19   JMP   0   7      s[] :    0   0   0   6   4  11
   5   0   7   LOD   0   3      s[] :    0   0   0   6   4  11   6
   6   0   8   LOD   0   4      s[] :    0   0   0   6   4  11   6   4
   7   0   9   OPR   0   2      s[] :    0   0   0   6   4  11  10
   6   0  10   STO   0   3      s[] :    0   0   0  10   4  11
   5   0  11   LOD   0   5      s[] :    0   0   0  10   4  11  11
   6   0  12   LOD   0   4      s[] :    0   0   0  10   4  11  11   4
   7   0  13   OPR   0   3      s[] :    0   0   0  10   4  11   7
   6   0  14   JPC   0  20      s[] :    0   0   0  10   4  11
   5   0  15   LOD   0   4      s[] :    0   0   0  10   4  11   4
   6   0  16   LIT   0   1      s[] :    0   0   0  10   4  11   4   1
   7   0  17   OPR   0   2      s[] :    0   0   0  10   4  11   5
   6   0  18   STO   0   4      s[] :    0   0   0  10   5  11
   5   0  19   JMP   0   7      s[] :    0   0   0  10   5  11
   5   0   7   LOD   0   3      s[] :    0   0   0  10   5  11  10
   6   0   8   LOD   0   4      s[] :    0   0   0  10   5  11  10   5
   7   0   9   OPR   0   2      s[] :    0   0   0  10   5  11  15
   6   0  10   STO   0   3      s[] :    0   0   0  15   5  11
   5   0  11   LOD   0   5      s[] :    0   0   0  15   5  11  11
   6   0  12   LOD   0   4      s[] :    0   0   0  15   5  11  11   5
   7   0  13   OPR   0   3      s[] :    0   0   0  15   5  11   6
   6   0  14   JPC   0  20      s[] :    0   0   0  15   5  11
   5   0  15   LOD   0   4      s[] :    0   0   0  15   5  11   5
   6   0  16   LIT   0   1      s[] :    0   0   0  15   5  11   5   1
   7   0  17   OPR   0   2      s[] :    0   0   0  15   5  11   6
   6   0  18   STO   0   4      s[] :    0   0   0  15   6  11
   5   0  19   JMP   0   7      s[] :    0   0   0  15   6  11
   5   0   7   LOD   0   3      s[] :    0   0   0  15   6  11  15
   6   0   8   LOD   0   4      s[] :    0   0   0  15   6  11  15   6
   7   0   9   OPR   0   2      s[] :    0   0   0  15   6  11  21
   6   0  10   STO   0   3      s[] :    0   0   0  21   6  11
   5   0  11   LOD   0   5      s[] :    0   0   0  21   6  11  11
   6   0  12   LOD   0   4      s[] :    0   0   0  21   6  11  11   6
   7   0  13   OPR   0   3      s[] :    0   0   0  21   6  11   5
   6   0  14   JPC   0  20      s[] :    0   0   0  21   6  11
   5   0  15   LOD   0   4      s[] :    0   0   0  21   6  11   6
   6   0  16   LIT   0   1      s[] :    0   0   0  21   6  11   6   1
   7   0  17   OPR   0   2      s[] :    0   0   0  21   6  11   7
   6   0  18   STO   0   4      s[] :    0   0   0  21   7  11
   5   0  19   JMP   0   7      s[] :    0   0   0  21   7  11
   5   0   7   LOD   0   3      s[] :    0   0   0  21   7  11  21
   6   0   8   LOD   0   4      s[] :    0   0   0  21   7  11  21   7
   7   0   9   OPR   0   2      s[] :    0   0   0  21   7  11  28
   6   0  10   STO   0   3      s[] :    0   0   0  28   7  11
   5   0  11   LOD   0   5      s[] :    0   0   0  28   7  11  11
   6   0  12   LOD   0   4      s[] :    0   0   0  28   7  11  11   7
   7   0  13   OPR   0   3      s[] :    0   0   0  28   7  11   4
   6   0  14   JPC   0  20      s[] :    0   0   0  28   7  11
   5   0  15   LOD   0   4      s[] :    0   0   0  28   7  11   7
   6   0  16   LIT   0   1      s[] :    0   0   0  28   7  11   7   1
   7   0  17   OPR   0   2      s[] :    0   0   0  28   7  11   8
   6   0  18   STO   0   4      s[] :    0   0   0  28   8  11
   5   0  19   JMP   0   7      s[] :    0   0   0  28   8  11
   5   0   7   LOD   0   3      s[] :    0   0   0  28   8  11  28
   6   0   8   LOD   0   4      s[] :    0   0   0  28   8  11  28   8
   7   0   9   OPR   0   2      s[] :    0   0   0  28   8  11  36
   6   0  10   STO   0   3      s[] :    0   0   0  36   8  11
   5   0  11   LOD   0   5      s[] :    0   0   0  36   8  11  11
   6   0  12   LOD   0   4      s[] :    0   0   0  36   8  11  11   8
   7   0  13   OPR   0   3      s[] :    0   0   0  36   8  11   3
   6   0  14   JPC   0  20      s[] :    0   0   0  36   8  11
   5   0  15   LOD   0   4      s[] :    0   0   0  36   8  11   8
   6   0  16   LIT   0   1      s[] :    0   0   0  36   8  11   8   1
   7   0  17   OPR   0   2      s[] :    0   0   0  36   8  11   9
   6   0  18   STO   0   4      s[] :    0   0   0  36   9  11
   5   0  19   JMP   0   7      s[] :    0   0   0  36   9  11
   5   0   7   LOD   0   3      s[] :    0   0   0  36   9  11  36
   6   0   8   LOD   0   4      s[] :    0   0   0  36   9  11  36   9
   7   0   9   OPR   0   2      s[] :    0   0   0  36   9  11  45
   6   0  10   STO   0   3      s[] :    0   0   0  45   9  11
   5   0  11   LOD   0   5      s[] :    0   0   0  45   9  11  11
   6   0  12   LOD   0   4      s[] :    0   0   0  45   9  11  11   9
   7   0  13   OPR   0   3      s[] :    0   0   0  45   9  11   2
   6   0  14   JPC   0  20      s[] :    0   0   0  45   9  11
   5   0  15   LOD   0   4      s[] :    0   0   0  45   9  11   9
   6   0  16   LIT   0   1      s[] :    0   0   0  45   9  11   9   1
   7   0  17   OPR   0   2      s[] :    0   0   0  45   9  11  10
   6   0  18   STO   0   4      s[] :    0   0   0  45  10  11
   5   0  19   JMP   0   7      s[] :    0   0   0  45  10  11
   5   0   7   LOD   0   3      s[] :    0   0   0  45  10  11  45
   6   0   8   LOD   0   4      s[] :    0   0   0  45  10  11  45  10
   7   0   9   OPR   0   2      s[] :    0   0   0  45  10  11  55
   6   0  10   STO   0   3      s[] :    0   0   0  55  10  11
   5   0  11   LOD   0   5      s[] :    0   0   0  55  10  11  11
   6   0  12   LOD   0   4      s[] :    0   0   0  55  10  11  11  10
   7   0  13   OPR   0   3      s[] :    0   0   0  55  10  11   1
   6   0  14   JPC   0  20      s[] :    0   0   0  55  10  11
   5   0  20   OPR   0   0      s[] : 
 === === ===   === === ===             === === === === === === === === === === === === === === ===
 t   b   p     f   l   a                 0   1   2   3   4   5   6   7   8   9  10  11  12  13  14
 end pl/0
