
 start pl/0
 p   b   t     f   l   a                 0   1   2   3   4   5   6   7   8   9  10  11  12  13  14
 === === ===   === === ===             === === === === === === === === === === === === === === ===
  -1   0   0   INT   0   5      s[] :  [0] [0] [0] [0] [0]
   4   0   1   LIT   0   5      s[] :  [0] [0] [0] [0] [0] [5]
   5   0   2   STO   0   3      s[] :  [0] [0] [0] [5] [0]
   4   0   3   LOD   0   3      s[] :  [0] [0] [0] [5] [0] [5]
   5   0   4   STO   0   8      s[] :  [0] [0] [0] [5] [0]
   4   0   5   CAL   0  20      s[] :  [0] [0] [0] [5] [0]
   4   5  20   INT   0   5      s[] :  [0] [0] [0] [5] [0] [0] [0] [6] [5] [0]
   9   5  21   LIT   0   0      s[] :  [0] [0] [0] [5] [0] [0] [0] [6] [5] [0] [0]
  10   5  22   STO   0   4      s[] :  [0] [0] [0] [5] [0] [0] [0] [6] [5] [0]
   9   5  23   LOD   0   3      s[] :  [0] [0] [0] [5] [0] [0] [0] [6] [5] [0] [5]
  10   5  24   LIT   0   2      s[] :  [0] [0] [0] [5] [0] [0] [0] [6] [5] [0] [5] [2]
  11   5  25   OPR   0  13      s[] :  [0] [0] [0] [5] [0] [0] [0] [6] [5] [0] [0]
  10   5  26   JPC   0  46      s[] :  [0] [0] [0] [5] [0] [0] [0] [6] [5] [0]
   9   5  27   LOD   0   3      s[] :  [0] [0] [0] [5] [0] [0] [0] [6] [5] [0] [5]
  10   5  28   LIT   0   1      s[] :  [0] [0] [0] [5] [0] [0] [0] [6] [5] [0] [5] [1]
  11   5  29   OPR   0   3      s[] :  [0] [0] [0] [5] [0] [0] [0] [6] [5] [0] [4]
  10   5  30   STO   0   8      s[] :  [0] [0] [0] [5] [0] [0] [0] [6] [5] [0]
   9   5  31   CAL   0  20      s[] :  [0] [0] [0] [5] [0] [0] [0] [6] [5] [0]
   9  10  20   INT   0   5      s[] :  [0] [0] [0] [5] [0] [0] [0] [6] [5] [0] [5] [5] [32] [4] [0]
  14  10  21   LIT   0   0      s[] :  [0] [0] [0] [5] [0] [0] [0] [6] [5] [0] [5] [5] [32] [4] [0] [0]
  15  10  22   STO   0   4      s[] :  [0] [0] [0] [5] [0] [0] [0] [6] [5] [0] [5] [5] [32] [4] [0]
  14  10  23   LOD   0   3      s[] :  [0] [0] [0] [5] [0] [0] [0] [6] [5] [0] [5] [5] [32] [4] [0] [4]
  15  10  24   LIT   0   2      s[] :  [0] [0] [0] [5] [0] [0] [0] [6] [5] [0] [5] [5] [32] [4] [0] [4] [2]
  16  10  25   OPR   0  13      s[] :  [0] [0] [0] [5] [0] [0] [0] [6] [5] [0] [5] [5] [32] [4] [0] [0]
  15  10  26   JPC   0  46      s[] :  [0] [0] [0] [5] [0] [0] [0] [6] [5] [0] [5] [5] [32] [4] [0]
  14  10  27   LOD   0   3      s[] :  [0] [0] [0] [5] [0] [0] [0] [6] [5] [0] [5] [5] [32] [4] [0] [4]
  15  10  28   LIT   0   1      s[] :  [0] [0] [0] [5] [0] [0] [0] [6] [5] [0] [5] [5] [32] [4] [0] [4] [1]
  16  10  29   OPR   0   3      s[] :  [0] [0] [0] [5] [0] [0] [0] [6] [5] [0] [5] [5] [32] [4] [0] [3]
  15  10  30   STO   0   8      s[] :  [0] [0] [0] [5] [0] [0] [0] [6] [5] [0] [5] [5] [32] [4] [0]
  14  10  31   CAL   0  20      s[] :  [0] [0] [0] [5] [0] [0] [0] [6] [5] [0] [5] [5] [32] [4] [0]
  14  15  20   INT   0   5      s[] :  [0] [0] [0] [5] [0] [0] [0] [6] [5] [0] [5] [5] [32] [4] [0] [10] [10] [32] [3] [0]
  19  15  21   LIT   0   0      s[] :  [0] [0] [0] [5] [0] [0] [0] [6] [5] [0] [5] [5] [32] [4] [0] [10] [10] [32] [3] [0] [0]
  20  15  22   STO   0   4      s[] :  [0] [0] [0] [5] [0] [0] [0] [6] [5] [0] [5] [5] [32] [4] [0] [10] [10] [32] [3] [0]
  19  15  23   LOD   0   3      s[] :  [0] [0] [0] [5] [0] [0] [0] [6] [5] [0] [5] [5] [32] [4] [0] [10] [10] [32] [3] [0] [3]
  20  15  24   LIT   0   2      s[] :  [0] [0] [0] [5] [0] [0] [0] [6] [5] [0] [5] [5] [32] [4] [0] [10] [10] [32] [3] [0] [3] [2]
  21  15  25   OPR   0  13      s[] :  [0] [0] [0] [5] [0] [0] [0] [6] [5] [0] [5] [5] [32] [4] [0] [10] [10] [32] [3] [0] [0]
  20  15  26   JPC   0  46      s[] :  [0] [0] [0] [5] [0] [0] [0] [6] [5] [0] [5] [5] [32] [4] [0] [10] [10] [32] [3] [0]
  19  15  27   LOD   0   3      s[] :  [0] [0] [0] [5] [0] [0] [0] [6] [5] [0] [5] [5] [32] [4] [0] [10] [10] [32] [3] [0] [3]
  20  15  28   LIT   0   1      s[] :  [0] [0] [0] [5] [0] [0] [0] [6] [5] [0] [5] [5] [32] [4] [0] [10] [10] [32] [3] [0] [3] [1]
  21  15  29   OPR   0   3      s[] :  [0] [0] [0] [5] [0] [0] [0] [6] [5] [0] [5] [5] [32] [4] [0] [10] [10] [32] [3] [0] [2]
  20  15  30   STO   0   8      s[] :  [0] [0] [0] [5] [0] [0] [0] [6] [5] [0] [5] [5] [32] [4] [0] [10] [10] [32] [3] [0]
  19  15  31   CAL   0  20      s[] :  [0] [0] [0] [5] [0] [0] [0] [6] [5] [0] [5] [5] [32] [4] [0] [10] [10] [32] [3] [0]
  19  20  20   INT   0   5      s[] :  [0] [0] [0] [5] [0] [0] [0] [6] [5] [0] [5] [5] [32] [4] [0] [10] [10] [32] [3] [0] [15] [15] [32] [2] [0]
  24  20  21   LIT   0   0      s[] :  [0] [0] [0] [5] [0] [0] [0] [6] [5] [0] [5] [5] [32] [4] [0] [10] [10] [32] [3] [0] [15] [15] [32] [2] [0] [0]
  25  20  22   STO   0   4      s[] :  [0] [0] [0] [5] [0] [0] [0] [6] [5] [0] [5] [5] [32] [4] [0] [10] [10] [32] [3] [0] [15] [15] [32] [2] [0]
  24  20  23   LOD   0   3      s[] :  [0] [0] [0] [5] [0] [0] [0] [6] [5] [0] [5] [5] [32] [4] [0] [10] [10] [32] [3] [0] [15] [15] [32] [2] [0] [2]
  25  20  24   LIT   0   2      s[] :  [0] [0] [0] [5] [0] [0] [0] [6] [5] [0] [5] [5] [32] [4] [0] [10] [10] [32] [3] [0] [15] [15] [32] [2] [0] [2] [2]
  26  20  25   OPR   0  13      s[] :  [0] [0] [0] [5] [0] [0] [0] [6] [5] [0] [5] [5] [32] [4] [0] [10] [10] [32] [3] [0] [15] [15] [32] [2] [0] [1]
  25  20  26   JPC   0  46      s[] :  [0] [0] [0] [5] [0] [0] [0] [6] [5] [0] [5] [5] [32] [4] [0] [10] [10] [32] [3] [0] [15] [15] [32] [2] [0]
  24  20  46   LIT   0   1      s[] :  [0] [0] [0] [5] [0] [0] [0] [6] [5] [0] [5] [5] [32] [4] [0] [10] [10] [32] [3] [0] [15] [15] [32] [2] [0] [1]
  25  20  47   STO   0   4      s[] :  [0] [0] [0] [5] [0] [0] [0] [6] [5] [0] [5] [5] [32] [4] [0] [10] [10] [32] [3] [0] [15] [15] [32] [2] [1]
  24  20  48   OPR   0   0      s[] :  [0] [0] [0] [5] [0] [0] [0] [6] [5] [0] [5] [5] [32] [4] [0] [10] [10] [32] [3] [0]
  19  15  32   LOD   0   4      s[] :  [0] [0] [0] [5] [0] [0] [0] [6] [5] [0] [5] [5] [32] [4] [0] [10] [10] [32] [3] [0] [0]
  20  15  33   LOD   0   9      s[] :  [0] [0] [0] [5] [0] [0] [0] [6] [5] [0] [5] [5] [32] [4] [0] [10] [10] [32] [3] [0] [0] [1]
  21  15  34   OPR   0   2      s[] :  [0] [0] [0] [5] [0] [0] [0] [6] [5] [0] [5] [5] [32] [4] [0] [10] [10] [32] [3] [0] [1]
  20  15  35   STO   0   4      s[] :  [0] [0] [0] [5] [0] [0] [0] [6] [5] [0] [5] [5] [32] [4] [0] [10] [10] [32] [3] [1]
  19  15  36   LOD   0   3      s[] :  [0] [0] [0] [5] [0] [0] [0] [6] [5] [0] [5] [5] [32] [4] [0] [10] [10] [32] [3] [1] [3]
  20  15  37   LIT   0   2      s[] :  [0] [0] [0] [5] [0] [0] [0] [6] [5] [0] [5] [5] [32] [4] [0] [10] [10] [32] [3] [1] [3] [2]
  21  15  38   OPR   0   3      s[] :  [0] [0] [0] [5] [0] [0] [0] [6] [5] [0] [5] [5] [32] [4] [0] [10] [10] [32] [3] [1] [1]
  20  15  39   STO   0   8      s[] :  [0] [0] [0] [5] [0] [0] [0] [6] [5] [0] [5] [5] [32] [4] [0] [10] [10] [32] [3] [1]
  19  15  40   CAL   0  20      s[] :  [0] [0] [0] [5] [0] [0] [0] [6] [5] [0] [5] [5] [32] [4] [0] [10] [10] [32] [3] [1]
  19  20  20   INT   0   5      s[] :  [0] [0] [0] [5] [0] [0] [0] [6] [5] [0] [5] [5] [32] [4] [0] [10] [10] [32] [3] [1] [15] [15] [41] [1] [1]
  24  20  21   LIT   0   0      s[] :  [0] [0] [0] [5] [0] [0] [0] [6] [5] [0] [5] [5] [32] [4] [0] [10] [10] [32] [3] [1] [15] [15] [41] [1] [1] [0]
  25  20  22   STO   0   4      s[] :  [0] [0] [0] [5] [0] [0] [0] [6] [5] [0] [5] [5] [32] [4] [0] [10] [10] [32] [3] [1] [15] [15] [41] [1] [0]
  24  20  23   LOD   0   3      s[] :  [0] [0] [0] [5] [0] [0] [0] [6] [5] [0] [5] [5] [32] [4] [0] [10] [10] [32] [3] [1] [15] [15] [41] [1] [0] [1]
  25  20  24   LIT   0   2      s[] :  [0] [0] [0] [5] [0] [0] [0] [6] [5] [0] [5] [5] [32] [4] [0] [10] [10] [32] [3] [1] [15] [15] [41] [1] [0] [1] [2]
  26  20  25   OPR   0  13      s[] :  [0] [0] [0] [5] [0] [0] [0] [6] [5] [0] [5] [5] [32] [4] [0] [10] [10] [32] [3] [1] [15] [15] [41] [1] [0] [1]
  25  20  26   JPC   0  46      s[] :  [0] [0] [0] [5] [0] [0] [0] [6] [5] [0] [5] [5] [32] [4] [0] [10] [10] [32] [3] [1] [15] [15] [41] [1] [0]
  24  20  46   LIT   0   1      s[] :  [0] [0] [0] [5] [0] [0] [0] [6] [5] [0] [5] [5] [32] [4] [0] [10] [10] [32] [3] [1] [15] [15] [41] [1] [0] [1]
  25  20  47   STO   0   4      s[] :  [0] [0] [0] [5] [0] [0] [0] [6] [5] [0] [5] [5] [32] [4] [0] [10] [10] [32] [3] [1] [15] [15] [41] [1] [1]
  24  20  48   OPR   0   0      s[] :  [0] [0] [0] [5] [0] [0] [0] [6] [5] [0] [5] [5] [32] [4] [0] [10] [10] [32] [3] [1]
  19  15  41   LOD   0   4      s[] :  [0] [0] [0] [5] [0] [0] [0] [6] [5] [0] [5] [5] [32] [4] [0] [10] [10] [32] [3] [1] [1]
  20  15  42   LOD   0   9      s[] :  [0] [0] [0] [5] [0] [0] [0] [6] [5] [0] [5] [5] [32] [4] [0] [10] [10] [32] [3] [1] [1] [1]
  21  15  43   OPR   0   2      s[] :  [0] [0] [0] [5] [0] [0] [0] [6] [5] [0] [5] [5] [32] [4] [0] [10] [10] [32] [3] [1] [2]
  20  15  44   STO   0   4      s[] :  [0] [0] [0] [5] [0] [0] [0] [6] [5] [0] [5] [5] [32] [4] [0] [10] [10] [32] [3] [2]
  19  15  45   OPR   0   0      s[] :  [0] [0] [0] [5] [0] [0] [0] [6] [5] [0] [5] [5] [32] [4] [0]
  14  10  32   LOD   0   4      s[] :  [0] [0] [0] [5] [0] [0] [0] [6] [5] [0] [5] [5] [32] [4] [0] [0]
  15  10  33   LOD   0   9      s[] :  [0] [0] [0] [5] [0] [0] [0] [6] [5] [0] [5] [5] [32] [4] [0] [0] [2]
  16  10  34   OPR   0   2      s[] :  [0] [0] [0] [5] [0] [0] [0] [6] [5] [0] [5] [5] [32] [4] [0] [2]
  15  10  35   STO   0   4      s[] :  [0] [0] [0] [5] [0] [0] [0] [6] [5] [0] [5] [5] [32] [4] [2]
  14  10  36   LOD   0   3      s[] :  [0] [0] [0] [5] [0] [0] [0] [6] [5] [0] [5] [5] [32] [4] [2] [4]
  15  10  37   LIT   0   2      s[] :  [0] [0] [0] [5] [0] [0] [0] [6] [5] [0] [5] [5] [32] [4] [2] [4] [2]
  16  10  38   OPR   0   3      s[] :  [0] [0] [0] [5] [0] [0] [0] [6] [5] [0] [5] [5] [32] [4] [2] [2]
  15  10  39   STO   0   8      s[] :  [0] [0] [0] [5] [0] [0] [0] [6] [5] [0] [5] [5] [32] [4] [2]
  14  10  40   CAL   0  20      s[] :  [0] [0] [0] [5] [0] [0] [0] [6] [5] [0] [5] [5] [32] [4] [2]
  14  15  20   INT   0   5      s[] :  [0] [0] [0] [5] [0] [0] [0] [6] [5] [0] [5] [5] [32] [4] [2] [10] [10] [41] [2] [2]
  19  15  21   LIT   0   0      s[] :  [0] [0] [0] [5] [0] [0] [0] [6] [5] [0] [5] [5] [32] [4] [2] [10] [10] [41] [2] [2] [0]
  20  15  22   STO   0   4      s[] :  [0] [0] [0] [5] [0] [0] [0] [6] [5] [0] [5] [5] [32] [4] [2] [10] [10] [41] [2] [0]
  19  15  23   LOD   0   3      s[] :  [0] [0] [0] [5] [0] [0] [0] [6] [5] [0] [5] [5] [32] [4] [2] [10] [10] [41] [2] [0] [2]
  20  15  24   LIT   0   2      s[] :  [0] [0] [0] [5] [0] [0] [0] [6] [5] [0] [5] [5] [32] [4] [2] [10] [10] [41] [2] [0] [2] [2]
  21  15  25   OPR   0  13      s[] :  [0] [0] [0] [5] [0] [0] [0] [6] [5] [0] [5] [5] [32] [4] [2] [10] [10] [41] [2] [0] [1]
  20  15  26   JPC   0  46      s[] :  [0] [0] [0] [5] [0] [0] [0] [6] [5] [0] [5] [5] [32] [4] [2] [10] [10] [41] [2] [0]
  19  15  46   LIT   0   1      s[] :  [0] [0] [0] [5] [0] [0] [0] [6] [5] [0] [5] [5] [32] [4] [2] [10] [10] [41] [2] [0] [1]
  20  15  47   STO   0   4      s[] :  [0] [0] [0] [5] [0] [0] [0] [6] [5] [0] [5] [5] [32] [4] [2] [10] [10] [41] [2] [1]
  19  15  48   OPR   0   0      s[] :  [0] [0] [0] [5] [0] [0] [0] [6] [5] [0] [5] [5] [32] [4] [2]
  14  10  41   LOD   0   4      s[] :  [0] [0] [0] [5] [0] [0] [0] [6] [5] [0] [5] [5] [32] [4] [2] [2]
  15  10  42   LOD   0   9      s[] :  [0] [0] [0] [5] [0] [0] [0] [6] [5] [0] [5] [5] [32] [4] [2] [2] [1]
  16  10  43   OPR   0   2      s[] :  [0] [0] [0] [5] [0] [0] [0] [6] [5] [0] [5] [5] [32] [4] [2] [3]
  15  10  44   STO   0   4      s[] :  [0] [0] [0] [5] [0] [0] [0] [6] [5] [0] [5] [5] [32] [4] [3]
  14  10  45   OPR   0   0      s[] :  [0] [0] [0] [5] [0] [0] [0] [6] [5] [0]
   9   5  32   LOD   0   4      s[] :  [0] [0] [0] [5] [0] [0] [0] [6] [5] [0] [0]
  10   5  33   LOD   0   9      s[] :  [0] [0] [0] [5] [0] [0] [0] [6] [5] [0] [0] [3]
  11   5  34   OPR   0   2      s[] :  [0] [0] [0] [5] [0] [0] [0] [6] [5] [0] [3]
  10   5  35   STO   0   4      s[] :  [0] [0] [0] [5] [0] [0] [0] [6] [5] [3]
   9   5  36   LOD   0   3      s[] :  [0] [0] [0] [5] [0] [0] [0] [6] [5] [3] [5]
  10   5  37   LIT   0   2      s[] :  [0] [0] [0] [5] [0] [0] [0] [6] [5] [3] [5] [2]
  11   5  38   OPR   0   3      s[] :  [0] [0] [0] [5] [0] [0] [0] [6] [5] [3] [3]
  10   5  39   STO   0   8      s[] :  [0] [0] [0] [5] [0] [0] [0] [6] [5] [3]
   9   5  40   CAL   0  20      s[] :  [0] [0] [0] [5] [0] [0] [0] [6] [5] [3]
   9  10  20   INT   0   5      s[] :  [0] [0] [0] [5] [0] [0] [0] [6] [5] [3] [5] [5] [41] [3] [3]
  14  10  21   LIT   0   0      s[] :  [0] [0] [0] [5] [0] [0] [0] [6] [5] [3] [5] [5] [41] [3] [3] [0]
  15  10  22   STO   0   4      s[] :  [0] [0] [0] [5] [0] [0] [0] [6] [5] [3] [5] [5] [41] [3] [0]
  14  10  23   LOD   0   3      s[] :  [0] [0] [0] [5] [0] [0] [0] [6] [5] [3] [5] [5] [41] [3] [0] [3]
  15  10  24   LIT   0   2      s[] :  [0] [0] [0] [5] [0] [0] [0] [6] [5] [3] [5] [5] [41] [3] [0] [3] [2]
  16  10  25   OPR   0  13      s[] :  [0] [0] [0] [5] [0] [0] [0] [6] [5] [3] [5] [5] [41] [3] [0] [0]
  15  10  26   JPC   0  46      s[] :  [0] [0] [0] [5] [0] [0] [0] [6] [5] [3] [5] [5] [41] [3] [0]
  14  10  27   LOD   0   3      s[] :  [0] [0] [0] [5] [0] [0] [0] [6] [5] [3] [5] [5] [41] [3] [0] [3]
  15  10  28   LIT   0   1      s[] :  [0] [0] [0] [5] [0] [0] [0] [6] [5] [3] [5] [5] [41] [3] [0] [3] [1]
  16  10  29   OPR   0   3      s[] :  [0] [0] [0] [5] [0] [0] [0] [6] [5] [3] [5] [5] [41] [3] [0] [2]
  15  10  30   STO   0   8      s[] :  [0] [0] [0] [5] [0] [0] [0] [6] [5] [3] [5] [5] [41] [3] [0]
  14  10  31   CAL   0  20      s[] :  [0] [0] [0] [5] [0] [0] [0] [6] [5] [3] [5] [5] [41] [3] [0]
  14  15  20   INT   0   5      s[] :  [0] [0] [0] [5] [0] [0] [0] [6] [5] [3] [5] [5] [41] [3] [0] [10] [10] [32] [2] [1]
  19  15  21   LIT   0   0      s[] :  [0] [0] [0] [5] [0] [0] [0] [6] [5] [3] [5] [5] [41] [3] [0] [10] [10] [32] [2] [1] [0]
  20  15  22   STO   0   4      s[] :  [0] [0] [0] [5] [0] [0] [0] [6] [5] [3] [5] [5] [41] [3] [0] [10] [10] [32] [2] [0]
  19  15  23   LOD   0   3      s[] :  [0] [0] [0] [5] [0] [0] [0] [6] [5] [3] [5] [5] [41] [3] [0] [10] [10] [32] [2] [0] [2]
  20  15  24   LIT   0   2      s[] :  [0] [0] [0] [5] [0] [0] [0] [6] [5] [3] [5] [5] [41] [3] [0] [10] [10] [32] [2] [0] [2] [2]
  21  15  25   OPR   0  13      s[] :  [0] [0] [0] [5] [0] [0] [0] [6] [5] [3] [5] [5] [41] [3] [0] [10] [10] [32] [2] [0] [1]
  20  15  26   JPC   0  46      s[] :  [0] [0] [0] [5] [0] [0] [0] [6] [5] [3] [5] [5] [41] [3] [0] [10] [10] [32] [2] [0]
  19  15  46   LIT   0   1      s[] :  [0] [0] [0] [5] [0] [0] [0] [6] [5] [3] [5] [5] [41] [3] [0] [10] [10] [32] [2] [0] [1]
  20  15  47   STO   0   4      s[] :  [0] [0] [0] [5] [0] [0] [0] [6] [5] [3] [5] [5] [41] [3] [0] [10] [10] [32] [2] [1]
  19  15  48   OPR   0   0      s[] :  [0] [0] [0] [5] [0] [0] [0] [6] [5] [3] [5] [5] [41] [3] [0]
  14  10  32   LOD   0   4      s[] :  [0] [0] [0] [5] [0] [0] [0] [6] [5] [3] [5] [5] [41] [3] [0] [0]
  15  10  33   LOD   0   9      s[] :  [0] [0] [0] [5] [0] [0] [0] [6] [5] [3] [5] [5] [41] [3] [0] [0] [1]
  16  10  34   OPR   0   2      s[] :  [0] [0] [0] [5] [0] [0] [0] [6] [5] [3] [5] [5] [41] [3] [0] [1]
  15  10  35   STO   0   4      s[] :  [0] [0] [0] [5] [0] [0] [0] [6] [5] [3] [5] [5] [41] [3] [1]
  14  10  36   LOD   0   3      s[] :  [0] [0] [0] [5] [0] [0] [0] [6] [5] [3] [5] [5] [41] [3] [1] [3]
  15  10  37   LIT   0   2      s[] :  [0] [0] [0] [5] [0] [0] [0] [6] [5] [3] [5] [5] [41] [3] [1] [3] [2]
  16  10  38   OPR   0   3      s[] :  [0] [0] [0] [5] [0] [0] [0] [6] [5] [3] [5] [5] [41] [3] [1] [1]
  15  10  39   STO   0   8      s[] :  [0] [0] [0] [5] [0] [0] [0] [6] [5] [3] [5] [5] [41] [3] [1]
  14  10  40   CAL   0  20      s[] :  [0] [0] [0] [5] [0] [0] [0] [6] [5] [3] [5] [5] [41] [3] [1]
  14  15  20   INT   0   5      s[] :  [0] [0] [0] [5] [0] [0] [0] [6] [5] [3] [5] [5] [41] [3] [1] [10] [10] [41] [1] [1]
  19  15  21   LIT   0   0      s[] :  [0] [0] [0] [5] [0] [0] [0] [6] [5] [3] [5] [5] [41] [3] [1] [10] [10] [41] [1] [1] [0]
  20  15  22   STO   0   4      s[] :  [0] [0] [0] [5] [0] [0] [0] [6] [5] [3] [5] [5] [41] [3] [1] [10] [10] [41] [1] [0]
  19  15  23   LOD   0   3      s[] :  [0] [0] [0] [5] [0] [0] [0] [6] [5] [3] [5] [5] [41] [3] [1] [10] [10] [41] [1] [0] [1]
  20  15  24   LIT   0   2      s[] :  [0] [0] [0] [5] [0] [0] [0] [6] [5] [3] [5] [5] [41] [3] [1] [10] [10] [41] [1] [0] [1] [2]
  21  15  25   OPR   0  13      s[] :  [0] [0] [0] [5] [0] [0] [0] [6] [5] [3] [5] [5] [41] [3] [1] [10] [10] [41] [1] [0] [1]
  20  15  26   JPC   0  46      s[] :  [0] [0] [0] [5] [0] [0] [0] [6] [5] [3] [5] [5] [41] [3] [1] [10] [10] [41] [1] [0]
  19  15  46   LIT   0   1      s[] :  [0] [0] [0] [5] [0] [0] [0] [6] [5] [3] [5] [5] [41] [3] [1] [10] [10] [41] [1] [0] [1]
  20  15  47   STO   0   4      s[] :  [0] [0] [0] [5] [0] [0] [0] [6] [5] [3] [5] [5] [41] [3] [1] [10] [10] [41] [1] [1]
  19  15  48   OPR   0   0      s[] :  [0] [0] [0] [5] [0] [0] [0] [6] [5] [3] [5] [5] [41] [3] [1]
  14  10  41   LOD   0   4      s[] :  [0] [0] [0] [5] [0] [0] [0] [6] [5] [3] [5] [5] [41] [3] [1] [1]
  15  10  42   LOD   0   9      s[] :  [0] [0] [0] [5] [0] [0] [0] [6] [5] [3] [5] [5] [41] [3] [1] [1] [1]
  16  10  43   OPR   0   2      s[] :  [0] [0] [0] [5] [0] [0] [0] [6] [5] [3] [5] [5] [41] [3] [1] [2]
  15  10  44   STO   0   4      s[] :  [0] [0] [0] [5] [0] [0] [0] [6] [5] [3] [5] [5] [41] [3] [2]
  14  10  45   OPR   0   0      s[] :  [0] [0] [0] [5] [0] [0] [0] [6] [5] [3]
   9   5  41   LOD   0   4      s[] :  [0] [0] [0] [5] [0] [0] [0] [6] [5] [3] [3]
  10   5  42   LOD   0   9      s[] :  [0] [0] [0] [5] [0] [0] [0] [6] [5] [3] [3] [2]
  11   5  43   OPR   0   2      s[] :  [0] [0] [0] [5] [0] [0] [0] [6] [5] [3] [5]
  10   5  44   STO   0   4      s[] :  [0] [0] [0] [5] [0] [0] [0] [6] [5] [5]
   9   5  45   OPR   0   0      s[] :  [0] [0] [0] [5] [0]
   4   0   6   LOD   0   9      s[] :  [0] [0] [0] [5] [0] [5]
   5   0   7   STO   0   4      s[] :  [0] [0] [0] [5] [5]
   4   0   8   OPR   0   0      s[] : 
 === === ===   === === ===             === === === === === === === === === === === === === === ===
 p   b   t     f   l   a                 0   1   2   3   4   5   6   7   8   9  10  11  12  13  14
 end pl/0
